     0/299     0.51G    0.1076   0.05222   0.03893    0.1987        29       640  0.002609     0.181 0.0008784 0.0001387   0.09993   0.04905   0.03891
     1/299    0.512G   0.09548   0.05736   0.03608    0.1889        30       640  0.003077    0.1739  0.001124 0.0001492    0.1017   0.04464    0.0535
     2/299    0.512G   0.09198   0.05635   0.03433    0.1827        16       640   0.01953    0.1064   0.01082  0.001656   0.09363   0.04632   0.04617
     3/299    0.512G   0.09009   0.05376   0.03315     0.177        22       640    0.1393   0.09008   0.07052   0.01758   0.09082   0.04244   0.03661
     4/299    0.512G   0.08777   0.05035   0.03216    0.1703        13       640    0.3375   0.02198  0.001264 0.0001577   0.09682    0.1533   0.02927
     5/299    0.795G   0.08362   0.04929   0.03076    0.1637        13       640    0.2818    0.3626      0.21   0.04223   0.07625   0.04233   0.02513
     6/299    0.795G   0.07784   0.04978   0.02818    0.1558        10       640    0.7676   0.06001   0.05713   0.01286   0.08645    0.1029   0.02756
     7/299    0.795G   0.07756   0.04598    0.0244    0.1479        19       640    0.1715    0.2656    0.1518   0.03095   0.07352   0.04401   0.01764
     8/299    0.795G   0.07715   0.04471   0.02214     0.144        11       640    0.1892    0.5096    0.1854   0.03649   0.07206    0.0393   0.01567
     9/299    0.795G   0.07413   0.04443   0.02112    0.1397         9       640    0.3541    0.5381    0.3333   0.07701   0.06656   0.03983   0.01496
    10/299    0.795G   0.07156   0.04381   0.01985    0.1352         8       640    0.4938    0.5195    0.4616    0.1205   0.06539   0.03873   0.01606
    11/299    0.795G   0.06695   0.04106   0.01873    0.1267        34       640    0.5962    0.6419    0.5812      0.17   0.05961   0.03245   0.01209
    12/299    0.795G   0.06725   0.04027   0.01663    0.1242        12       640    0.5171    0.4802    0.4392      0.13   0.06973   0.04228   0.01381
    13/299    0.795G   0.06597   0.03845   0.01621    0.1206        28       640    0.3188    0.4601    0.3543    0.1019   0.06187   0.03657   0.01204
    14/299    0.795G   0.06338   0.04026   0.01605    0.1197        13       640    0.7189    0.7134    0.7305    0.2509   0.05358   0.03271   0.01015
    15/299    0.795G   0.06153   0.03848   0.01532    0.1153        18       640    0.6628    0.7086    0.6991    0.2699   0.05505   0.03183   0.01021
    16/299    0.795G   0.06241   0.03818   0.01493    0.1155        12       640    0.6512    0.7854    0.7829    0.2846   0.05275   0.02958   0.00913
    17/299    0.795G   0.05939    0.0367    0.0144    0.1105        24       640    0.6444    0.7973    0.7131    0.2474   0.05321   0.02821  0.008291
    18/299    0.795G   0.05864   0.03663   0.01366    0.1089        39       640    0.6858    0.7609    0.7803    0.2636   0.05072   0.02859  0.008039
    19/299    0.795G   0.05755   0.03649   0.01337    0.1074        13       640    0.6357    0.7537    0.7401    0.2552   0.05455   0.02926   0.00812
    20/299    0.795G   0.05712   0.03559   0.01293    0.1056        23       640    0.7936    0.7505    0.8218     0.305   0.05062   0.02749   0.00746
    21/299    0.795G   0.05453    0.0357   0.01212    0.1024         9       640    0.7931    0.8348    0.8808    0.3522     0.051   0.02623  0.007921
    22/299    0.795G   0.05526   0.03638   0.01215    0.1038        31       640    0.8339    0.8539    0.9078    0.4297   0.04524   0.02706  0.007559
    23/299    0.795G   0.05329   0.03447   0.01225       0.1        20       640    0.8391    0.7737    0.8852    0.3993   0.04517   0.02596  0.007193
    24/299    0.795G   0.05342   0.03328   0.01225   0.09895         7       640    0.8269    0.8318     0.907    0.4247   0.04354   0.02652  0.007324
    25/299    0.795G   0.05385   0.03541   0.01184    0.1011        10       640    0.7643    0.8633    0.8646    0.3437   0.04953   0.02593  0.007093
    26/299    0.795G   0.05355   0.03478   0.01111   0.09944        23       640    0.8516    0.8329    0.9052    0.3946   0.04605   0.02492  0.006716
    27/299    0.795G   0.05275   0.03368   0.01124   0.09767        27       640    0.8242    0.8492    0.9015    0.4102   0.04588   0.02581  0.007344
    28/299    0.795G   0.05168   0.03331   0.01063   0.09562        31       640    0.8469    0.8283     0.899    0.4693   0.04112    0.0251  0.006898
    29/299    0.795G   0.04948   0.03343   0.01069    0.0936        14       640    0.8752    0.8499    0.9249    0.4744   0.04109    0.0241  0.006709
    30/299    0.795G   0.04922   0.03199    0.0101   0.09132        27       640    0.8888    0.8595    0.9363    0.5021   0.04093   0.02442  0.006404
    31/299    0.795G   0.05106   0.03205   0.01021   0.09332        28       640     0.884    0.8592    0.9236    0.4172   0.04397    0.0249  0.007035
    32/299    0.795G   0.04961   0.03238    0.0102   0.09218        13       640    0.8878    0.8913    0.9454    0.5043   0.04041   0.02425  0.006446
    33/299    0.795G   0.04845   0.03289   0.01014   0.09147        21       640    0.8833    0.8925    0.9408    0.4888   0.04124   0.02306  0.006217
    34/299    0.795G   0.05071   0.03265   0.01002   0.09338        20       640     0.843    0.9066    0.9407    0.4967   0.04063   0.02327  0.006399
    35/299    0.795G   0.04735   0.03058  0.009908   0.08784        14       640    0.9036    0.8952    0.9511    0.5083   0.03996   0.02345  0.006308
    36/299    0.795G   0.04653   0.03125  0.009676   0.08746        32       640    0.9026    0.9019    0.9552    0.5471   0.03865   0.02364  0.006189
    37/299    0.795G    0.0478   0.02999  0.009727   0.08752         7       640    0.8913    0.9102     0.951    0.5288   0.03868   0.02305  0.006182
    38/299    0.795G   0.04823   0.03055   0.00941   0.08819        14       640    0.9113    0.9203    0.9549    0.5296   0.03838   0.02237   0.00598
    39/299    0.795G   0.04625   0.02933  0.008941   0.08452         8       640    0.8538    0.8834    0.9151    0.5016   0.03951   0.02287  0.006134
    40/299    0.795G     0.046   0.03077  0.009891   0.08666        18       640    0.8878    0.8949    0.9503    0.5298   0.03835   0.02277  0.006139
    41/299    0.795G   0.04738   0.03024   0.00934   0.08696        19       640    0.8866     0.874     0.942    0.4443   0.04315   0.02287  0.006212
    42/299    0.795G   0.04599   0.02957  0.009212   0.08477        10       640    0.9164    0.8996    0.9573    0.5478    0.0374   0.02158  0.005889
    43/299    0.795G   0.04752   0.03062  0.009226   0.08737        24       640    0.8937    0.8628     0.928    0.4908   0.04087   0.02377  0.006753
    44/299    0.795G   0.04677   0.02943  0.009203    0.0854        32       640    0.9067    0.9205    0.9576    0.5733    0.0359   0.02173  0.005757
    45/299    0.795G   0.04503   0.02935  0.008847   0.08322        22       640    0.9254    0.9161    0.9663    0.5259   0.03777   0.02144   0.00578
    46/299    0.795G   0.04404   0.02983  0.008865   0.08273        25       640    0.9352    0.9203    0.9713    0.5587   0.03742   0.02121  0.005652
    47/299    0.795G   0.04521   0.02876  0.008943   0.08291        23       640    0.9254    0.9131    0.9619    0.5291   0.03936   0.02153  0.005851
    48/299    0.795G   0.04514   0.02919  0.008751   0.08309        26       640    0.9399    0.9222    0.9726    0.6068   0.03492   0.02147  0.005733
    49/299    0.795G   0.04496    0.0288  0.008479   0.08225        12       640    0.9287    0.9379    0.9689    0.5929   0.03492   0.02119  0.005615
    50/299    0.795G   0.04266   0.02827  0.008374   0.07931        17       640    0.9339    0.9433    0.9721    0.5986   0.03585    0.0208  0.005583
    51/299    0.795G   0.04388   0.02915   0.00833   0.08135        11       640    0.9302     0.932    0.9691    0.5866   0.03591   0.02105  0.005575
    52/299    0.795G    0.0432   0.02867  0.008714   0.08058        27       640    0.9173     0.954    0.9722    0.6164   0.03417    0.0205  0.005547
    53/299    0.795G   0.04187   0.02699  0.008176   0.07704        14       640    0.9459    0.9421    0.9755    0.6079   0.03499   0.02039  0.005474
    54/299    0.795G   0.04375   0.02904   0.00851   0.08129         3       640    0.9348    0.9383    0.9724    0.6156   0.03439    0.0204  0.005541
    55/299    0.795G   0.04361   0.02863  0.008732   0.08098        13       640    0.9166    0.9472    0.9748    0.5984    0.0347   0.02052  0.005605
    56/299    0.795G   0.04187   0.02805  0.008462   0.07839        28       640    0.9452    0.9372     0.974    0.5988   0.03438   0.02048  0.005549
    57/299    0.795G    0.0414   0.02895  0.008127   0.07848        15       640    0.9545    0.9523    0.9807    0.6272   0.03319   0.02008  0.005447
    58/299    0.795G   0.04117   0.02701  0.007957   0.07614        13       640    0.9388    0.9524    0.9759    0.6049   0.03432   0.02025  0.005449
    59/299    0.795G   0.04185    0.0287  0.008249    0.0788        20       640    0.9375    0.9553    0.9766    0.6345   0.03254   0.01992  0.005476
    60/299    0.795G    0.0419   0.02881  0.008296     0.079        36       640    0.9685    0.9432    0.9808    0.6242   0.03351   0.02009  0.005525
    61/299    0.795G    0.0406   0.02729  0.007917   0.07581         7       640    0.9568    0.9555    0.9792    0.6477     0.032   0.01956  0.005402
    62/299    0.795G   0.04148    0.0277  0.008184   0.07736        31       640    0.9543    0.9455    0.9815    0.6079   0.03433   0.01995  0.005332
    63/299    0.795G   0.04139    0.0267  0.008205   0.07629        23       640    0.9385    0.9608    0.9823    0.6476   0.03202   0.01979  0.005276
    64/299    0.795G    0.0416   0.02744  0.008215   0.07725         8       640    0.9543    0.9593    0.9817    0.6473   0.03307   0.01952  0.005332
    65/299    0.795G   0.04125   0.02803  0.007598   0.07687         7       640    0.9527    0.9623    0.9829    0.6368   0.03305   0.01941  0.005234
    66/299    0.795G   0.04057   0.02683   0.00795   0.07535        19       640    0.9518    0.9544    0.9794    0.6293   0.03317   0.01948  0.005309
    67/299    0.795G   0.04098   0.02762  0.008031   0.07663        10       640    0.9437    0.9618    0.9827    0.6392   0.03242   0.01945  0.005289
    68/299    0.795G   0.03968   0.02875  0.007891   0.07632        17       640     0.957    0.9631    0.9834    0.6473   0.03212   0.01914  0.005107
    69/299    0.795G      0.04   0.02642  0.008216   0.07464        24       640    0.9561    0.9575    0.9792     0.642   0.03177   0.01937  0.005108
    70/299    0.795G   0.04115   0.02772  0.007769   0.07664        20       640    0.9547    0.9491    0.9788      0.66    0.0317   0.01912  0.005203
    71/299    0.795G   0.03959   0.02702  0.007798   0.07441        16       640    0.9438    0.9594    0.9803    0.6386   0.03208   0.01968  0.005257
    72/299    0.795G   0.03898    0.0266  0.007586   0.07317        27       640    0.9592    0.9563    0.9832    0.6454   0.03233   0.01933  0.005061
    73/299    0.795G   0.03913   0.02629  0.007798   0.07322         9       640    0.9531    0.9708    0.9841    0.6721    0.0305   0.01883  0.005168
    74/299    0.795G   0.03994   0.02648  0.007418   0.07384        14       640    0.9634    0.9527    0.9832    0.6604   0.03198   0.01888  0.005188
    75/299    0.795G   0.03983   0.02708  0.007639   0.07455        18       640    0.9573    0.9665    0.9833    0.6605   0.03098   0.01874  0.005091
    76/299    0.795G   0.03967   0.02637  0.007688   0.07372        14       640    0.9642    0.9672    0.9873    0.6759   0.03065   0.01859  0.005067
    77/299    0.795G   0.03892   0.02651  0.007909   0.07333        22       640    0.9473    0.9645    0.9843    0.6882   0.02991    0.0186  0.005117
    78/299    0.795G   0.03801   0.02755  0.007416   0.07297        28       640    0.9515    0.9732    0.9855    0.6827      0.03   0.01843  0.005007
    79/299    0.795G   0.03835   0.02607  0.007975    0.0724         8       640     0.964    0.9632    0.9851    0.6733   0.03049   0.01859   0.00512
    80/299    0.795G   0.04032   0.02644  0.007687   0.07445        23       640    0.9667    0.9666     0.986    0.6739   0.03038   0.01859  0.005074
    81/299    0.795G   0.03858    0.0273  0.007524    0.0734        37       640    0.9659    0.9688    0.9856    0.6777    0.0304   0.01852  0.005117
    82/299    0.795G   0.03856     0.026  0.007357   0.07192        11       640    0.9735    0.9584    0.9848    0.6718   0.03054   0.01844  0.005044
    83/299    0.795G   0.03797   0.02573  0.007504   0.07121        15       640    0.9676    0.9584     0.986    0.6897    0.0299    0.0183  0.005048
    84/299    0.795G    0.0377   0.02705   0.00703   0.07178        12       640    0.9787    0.9521    0.9849    0.6837   0.03003   0.01822  0.004977
    85/299    0.795G   0.03802   0.02586   0.00724   0.07112        28       640    0.9547    0.9732    0.9874    0.6913   0.03117   0.01815  0.004967
    86/299    0.795G   0.03804   0.02669  0.007394   0.07212        16       640    0.9635    0.9602    0.9852    0.6811   0.02951   0.01821   0.00495
    87/299    0.795G   0.03779   0.02596  0.007283   0.07103        21       640    0.9569    0.9701    0.9857    0.6777   0.03085   0.01819  0.004963
    88/299    0.795G   0.03857   0.02571  0.007374   0.07165        13       640    0.9605     0.959    0.9836    0.6921    0.0297   0.01814  0.005042
    89/299    0.795G   0.03814    0.0254   0.00747     0.071         6       640    0.9567    0.9532    0.9845    0.6963   0.02977   0.01809  0.004999
    90/299    0.795G   0.03652   0.02578   0.00728   0.06958        13       640    0.9353    0.9792    0.9848    0.6994   0.02941   0.01792  0.004909
    91/299    0.795G   0.03759   0.02606  0.007336   0.07099        12       640    0.9546    0.9737    0.9873    0.6926   0.02932   0.01787  0.004833
    92/299    0.795G   0.03934   0.02548  0.007903   0.07272        23       640    0.9692    0.9625    0.9854    0.6996    0.0295   0.01793  0.004987
    93/299    0.795G    0.0367   0.02562  0.007248   0.06957        18       640    0.9527    0.9668    0.9876    0.6939   0.02994   0.01802  0.005001
    94/299    0.795G   0.03662   0.02486  0.006903   0.06839        10       640    0.9546    0.9657    0.9868    0.7064   0.02898   0.01766  0.004838
    95/299    0.795G   0.03656   0.02459   0.00688   0.06803         8       640    0.9577    0.9679    0.9874    0.7093   0.02846   0.01784  0.004879
    96/299    0.795G   0.03717   0.02541  0.007537   0.07011        35       640    0.9686    0.9581     0.987    0.7071   0.02833   0.01778  0.004904
    97/299    0.795G   0.03616   0.02403  0.007124   0.06731        24       640    0.9658    0.9526    0.9873    0.7189   0.02828   0.01745  0.004842
    98/299    0.795G   0.03597   0.02533  0.007013   0.06831        25       640    0.9626    0.9728    0.9885    0.7097   0.02836   0.01725  0.004797
    99/299    0.795G   0.03651   0.02575  0.007226   0.06949        25       640    0.9733    0.9634    0.9888     0.707   0.02882   0.01748  0.004836
   100/299    0.795G   0.03621   0.02489  0.007161   0.06826        11       640    0.9545    0.9719    0.9878    0.7121   0.02851   0.01712   0.00488
   101/299    0.795G   0.03649   0.02445   0.00707   0.06802        13       640    0.9648    0.9661    0.9861    0.7075   0.02854   0.01726  0.004816
   102/299    0.795G   0.03626   0.02469  0.007202   0.06816        16       640    0.9743     0.968    0.9886    0.7203   0.02832   0.01734  0.004831
   103/299    0.795G   0.03622   0.02515  0.006915   0.06828        23       640    0.9618    0.9775    0.9878    0.7256   0.02813   0.01715  0.004778
   104/299    0.795G   0.03545   0.02393  0.006802   0.06617         3       640     0.962    0.9698    0.9885    0.7307   0.02804   0.01716  0.004755
   105/299    0.795G   0.03606   0.02505  0.007207   0.06832        33       640    0.9618    0.9705    0.9866    0.7218   0.02832   0.01704  0.004731
   106/299    0.795G   0.03696   0.02551  0.007198   0.06967        14       640    0.9709    0.9751    0.9902    0.7263   0.02783   0.01725  0.004775
   107/299    0.795G   0.03678   0.02501  0.007015    0.0688        17       640    0.9634    0.9776    0.9885    0.7137   0.02814   0.01728  0.004721
   108/299    0.795G   0.03591   0.02382  0.007144   0.06688        12       640    0.9709    0.9711    0.9883    0.7318    0.0275   0.01692  0.004731
   109/299    0.795G   0.03523   0.02497  0.006873   0.06707         9       640    0.9756     0.966    0.9909    0.7192   0.02782   0.01693  0.004698
   110/299    0.795G   0.03534   0.02478   0.00712   0.06725        29       640    0.9707    0.9659    0.9895    0.7205   0.02897   0.01698  0.004741
   111/299    0.795G   0.03584   0.02444  0.006961   0.06724        29       640    0.9642    0.9762    0.9891      0.73   0.02734   0.01676  0.004664
   112/299    0.795G   0.03573   0.02457  0.006903   0.06721         6       640    0.9644    0.9741    0.9895    0.7298   0.02794   0.01692   0.00474
   113/299    0.795G   0.03627   0.02484  0.007181    0.0683        22       640    0.9715    0.9638    0.9866     0.736   0.02734   0.01689  0.004712
   114/299    0.795G   0.03517   0.02483  0.006796   0.06679        30       640    0.9602    0.9801    0.9897    0.7437   0.02765    0.0168  0.004588
   115/299    0.795G   0.03427   0.02437  0.006629   0.06526        15       640    0.9742     0.973    0.9898    0.7349   0.02756   0.01675  0.004683
   116/299    0.795G   0.03411   0.02369  0.006675   0.06447        19       640    0.9769    0.9765    0.9914    0.7425   0.02678    0.0164  0.004619
   117/299    0.795G   0.03417   0.02442  0.006907   0.06549        20       640    0.9694    0.9784    0.9895    0.7365   0.02701   0.01666  0.004687
   118/299    0.795G   0.03528   0.02421  0.007192   0.06668        25       640    0.9768    0.9778    0.9913    0.7443   0.02739   0.01675  0.004695
   119/299    0.795G   0.03492   0.02419   0.00711   0.06623         6       640    0.9758    0.9661    0.9899     0.751   0.02644   0.01659  0.004682
   120/299    0.795G   0.03382   0.02416  0.006697   0.06468        18       640    0.9827     0.957    0.9912    0.7513   0.02632    0.0164  0.004602
   121/299    0.795G   0.03524    0.0248  0.007141   0.06719        11       640    0.9728    0.9683    0.9913    0.7334    0.0273   0.01639  0.004586
   122/299    0.795G   0.03468    0.0244  0.006747   0.06582        31       640    0.9729     0.982    0.9918    0.7474   0.02658    0.0164  0.004555
   123/299    0.795G   0.03506   0.02393  0.006729   0.06572        17       640    0.9658    0.9826    0.9917    0.7513   0.02648   0.01664  0.004638
   124/299    0.795G   0.03337   0.02344  0.006625   0.06343        12       640    0.9717    0.9848    0.9924    0.7512   0.02681   0.01638  0.004584
   125/299    0.795G   0.03443   0.02283  0.006771   0.06404        14       640    0.9722    0.9728    0.9904    0.7565   0.02627   0.01635  0.004596
   126/299    0.795G   0.03443   0.02487  0.006976   0.06628        23       640    0.9751    0.9785     0.993    0.7528    0.0267   0.01619  0.004599
   127/299    0.795G   0.03374   0.02371  0.006431   0.06387        21       640    0.9816    0.9677    0.9902    0.7567   0.02602   0.01607  0.004525
   128/299    0.795G    0.0332   0.02369  0.006533   0.06343        24       640    0.9768     0.974     0.991     0.765   0.02579   0.01597   0.00448
   129/299    0.795G   0.03361   0.02332  0.006395   0.06332         9       640    0.9691     0.976    0.9912    0.7573   0.02623   0.01606  0.004521
   130/299    0.795G   0.03338   0.02341  0.006591   0.06338         9       640    0.9764    0.9768    0.9911    0.7636   0.02578     0.016  0.004487
   131/299    0.795G   0.03368   0.02412  0.006855   0.06465         9       640    0.9653    0.9771    0.9914    0.7601   0.02603   0.01597  0.004452
   132/299    0.795G   0.03327   0.02401  0.006693   0.06397        27       640    0.9739     0.975    0.9924    0.7654   0.02573   0.01583  0.004556
   133/299    0.795G   0.03385   0.02297  0.006523   0.06334        12       640    0.9758    0.9766    0.9917    0.7721   0.02559   0.01576  0.004525
   134/299    0.795G   0.03455   0.02375  0.006626   0.06493        30       640    0.9772    0.9673    0.9913    0.7548   0.02571   0.01593  0.004553
   135/299    0.795G    0.0334   0.02406  0.006678   0.06414        13       640    0.9748    0.9732    0.9919    0.7657   0.02579   0.01586  0.004485
   136/299    0.795G   0.03377   0.02302  0.006601   0.06339        14       640    0.9647    0.9792    0.9906    0.7632   0.02569   0.01589  0.004506
   137/299    0.795G   0.03362   0.02313  0.006887   0.06363        26       640    0.9719    0.9784    0.9905    0.7603   0.02608   0.01585  0.004513
   138/299    0.795G   0.03333   0.02363  0.007043     0.064        29       640    0.9758    0.9797     0.992    0.7594   0.02584   0.01588  0.004494
   139/299    0.795G   0.03398   0.02321  0.006887   0.06408         8       640    0.9727    0.9816    0.9912    0.7641   0.02575   0.01594  0.004496
   140/299    0.795G   0.03352   0.02318  0.006875   0.06357        36       640    0.9807    0.9743    0.9918    0.7658   0.02584   0.01582   0.00448
   141/299    0.795G   0.03258   0.02228  0.006657   0.06152        12       640    0.9801    0.9753    0.9911    0.7713   0.02531   0.01581   0.00451
   142/299    0.795G   0.03271   0.02266  0.006441   0.06181        13       640    0.9782    0.9745    0.9915    0.7708   0.02546   0.01584  0.004515
   143/299    0.795G   0.03251   0.02347  0.006857   0.06284        24       640    0.9772    0.9804    0.9922    0.7751   0.02504   0.01543  0.004475
   144/299    0.795G   0.03363   0.02395  0.006705   0.06429        33       640    0.9711     0.976     0.991    0.7725   0.02521   0.01562  0.004464
   145/299    0.795G   0.03267   0.02362  0.007037   0.06333        28       640    0.9768    0.9752    0.9916    0.7614    0.0255   0.01575  0.004482
   146/299    0.795G   0.03209   0.02235   0.00655   0.06099         6       640    0.9694    0.9814    0.9911    0.7649   0.02526   0.01576  0.004464
   147/299    0.795G   0.03181   0.02254  0.006341   0.06068        10       640    0.9699    0.9768    0.9915    0.7769   0.02508   0.01538   0.00446
   148/299    0.795G   0.03251   0.02343  0.006662    0.0626        17       640    0.9774    0.9819    0.9927    0.7804   0.02488   0.01545  0.004454
   149/299    0.795G   0.03318   0.02259  0.006425   0.06219        17       640    0.9835    0.9782    0.9926    0.7586    0.0255   0.01556  0.004401
   150/299    0.795G   0.03244   0.02286  0.006445   0.06175        14       640    0.9764    0.9801    0.9924     0.779   0.02483   0.01542   0.00445
   151/299    0.795G   0.03202   0.02251  0.006252   0.06078        37       640    0.9786    0.9779    0.9923    0.7822   0.02462   0.01542  0.004386
   152/299    0.795G   0.03188   0.02274   0.00634   0.06097        15       640    0.9785    0.9741    0.9911    0.7777   0.02494   0.01541  0.004456
   153/299    0.795G   0.03177   0.02141  0.006445   0.05963        30       640    0.9778    0.9737    0.9915    0.7786   0.02467   0.01532  0.004399
   154/299    0.795G   0.03248   0.02313  0.006664   0.06227        20       640     0.983    0.9676    0.9909    0.7726   0.02482   0.01538  0.004413
   155/299    0.795G   0.03234   0.02306  0.006193   0.06159        21       640    0.9789    0.9768    0.9924    0.7762   0.02478   0.01549  0.004455
   156/299    0.795G   0.03251   0.02331  0.006601   0.06242        26       640     0.985    0.9761    0.9919    0.7825   0.02459   0.01543  0.004443
   157/299    0.795G   0.03156   0.02192  0.006267   0.05974        16       640    0.9762    0.9825    0.9914     0.776   0.02471    0.0153  0.004396
   158/299    0.795G   0.03219   0.02207   0.00638   0.06065         3       640    0.9819    0.9795     0.992    0.7871    0.0241   0.01507  0.004342
   159/299    0.795G   0.03146   0.02238  0.006315   0.06016        30       640    0.9739    0.9825    0.9932    0.7822   0.02427   0.01513  0.004409
   160/299    0.795G   0.03139   0.02288  0.006276   0.06054        20       640    0.9765    0.9742     0.993    0.7881   0.02437   0.01518  0.004371
   161/299    0.795G    0.0315   0.02302  0.006285   0.06081        18       640    0.9726    0.9818    0.9934    0.7837   0.02466   0.01518  0.004357
   162/299    0.795G   0.03071   0.02145  0.006308   0.05847        18       640    0.9723    0.9821    0.9911    0.7903   0.02435   0.01506  0.004325
   163/299    0.795G    0.0317   0.02144    0.0065   0.05965         7       640    0.9828    0.9766    0.9932    0.7914    0.0241   0.01507  0.004391
   164/299    0.795G   0.03145     0.022  0.006419   0.05987        27       640    0.9782    0.9795    0.9931    0.7878   0.02422   0.01508  0.004399
   165/299    0.795G   0.03104   0.02191  0.006169   0.05912        14       640    0.9764    0.9776    0.9925    0.7868   0.02431   0.01512  0.004304
   166/299    0.795G   0.03208   0.02225  0.006225   0.06055        18       640    0.9746    0.9799    0.9922    0.7902   0.02409   0.01495  0.004293
   167/299    0.795G   0.03141   0.02205  0.006705   0.06016         7       640    0.9776    0.9804    0.9924    0.7953   0.02409   0.01488  0.004311
   168/299    0.795G   0.03103   0.02186  0.006336   0.05922        12       640    0.9733    0.9733    0.9918    0.7935   0.02391   0.01478  0.004319
   169/299    0.795G   0.03052   0.02131  0.006062   0.05789        18       640    0.9818     0.965    0.9918      0.79    0.0243   0.01503  0.004305
   170/299    0.795G   0.03076    0.0223  0.006367   0.05943        25       640    0.9794    0.9743     0.992    0.8021   0.02361   0.01472  0.004281
   171/299    0.795G   0.03168   0.02151  0.006113    0.0593        22       640    0.9774     0.976    0.9927     0.789   0.02419   0.01506  0.004282
   172/299    0.795G   0.03127   0.02192  0.006476   0.05966        11       640    0.9754    0.9801    0.9922      0.79   0.02412   0.01507  0.004304
   173/299    0.795G   0.03124   0.02166  0.006119   0.05902        23       640    0.9758    0.9797    0.9922     0.791   0.02386   0.01468  0.004285
   174/299    0.795G   0.03077   0.02178   0.00655    0.0591        10       640    0.9836     0.973     0.993    0.7928   0.02395   0.01473  0.004302
   175/299    0.795G   0.03058   0.02236  0.006261    0.0592        13       640     0.981     0.976    0.9929    0.7904   0.02407   0.01468  0.004305
   176/299    0.795G    0.0311   0.02172  0.006023   0.05884        29       640    0.9824    0.9792    0.9933    0.7926   0.02393   0.01472  0.004306
   177/299    0.795G   0.03097    0.0218  0.006207   0.05898        16       640    0.9781    0.9839    0.9936    0.7979   0.02373   0.01477  0.004275
   178/299    0.795G   0.03012   0.02123  0.006329   0.05768        37       640    0.9751     0.979    0.9929    0.8005    0.0238   0.01467  0.004229
   179/299    0.795G   0.03077   0.02218    0.0065   0.05945        26       640    0.9724    0.9826    0.9925    0.7982   0.02366   0.01481  0.004266
   180/299    0.795G   0.03037   0.02217  0.006349   0.05888        27       640    0.9812    0.9736    0.9918    0.7966   0.02381    0.0146  0.004232
   181/299    0.795G   0.03078   0.02157  0.006225   0.05857        13       640    0.9824     0.974    0.9929    0.8022   0.02362   0.01451  0.004258
   182/299    0.795G   0.03022   0.02149  0.006201   0.05791        11       640    0.9775    0.9762    0.9937    0.7975   0.02339   0.01449  0.004238
   183/299    0.795G   0.03058   0.02175  0.006158   0.05848        17       640     0.981    0.9791     0.994     0.806   0.02326   0.01432  0.004231
   184/299    0.795G   0.03047   0.02244  0.006348   0.05926        26       640    0.9788    0.9823    0.9941    0.8056   0.02334   0.01444  0.004195
   185/299    0.795G   0.02961   0.02147  0.006001   0.05709        19       640    0.9818    0.9788    0.9931    0.8024   0.02327   0.01456  0.004225
   186/299    0.795G   0.03049   0.02161   0.00626   0.05836        37       640    0.9715    0.9863    0.9924    0.8006   0.02342    0.0145  0.004246
   187/299    0.795G   0.03011   0.02155  0.006184   0.05784        16       640    0.9884     0.965    0.9927    0.7994   0.02355    0.0145  0.004219
   188/299    0.795G   0.03084   0.02187   0.00662   0.05933        19       640    0.9775    0.9779    0.9932    0.7922   0.02343   0.01452  0.004243
   189/299    0.795G   0.02956   0.02161  0.006019   0.05719        19       640    0.9744    0.9854    0.9927    0.7983   0.02339   0.01436   0.00422
   190/299    0.795G   0.02943   0.02103   0.00596   0.05642        25       640    0.9719     0.982    0.9934    0.7972   0.02321   0.01448  0.004228
   191/299    0.795G   0.02952    0.0207  0.006185   0.05641         8       640    0.9759    0.9789    0.9935    0.8023   0.02309   0.01434  0.004258
   192/299    0.795G   0.02936   0.02146  0.005813   0.05663        23       640    0.9837    0.9706    0.9933    0.8007   0.02336   0.01443  0.004265
   193/299    0.795G   0.03062   0.02212  0.006495   0.05924        18       640    0.9845    0.9706     0.992    0.8075   0.02295   0.01416  0.004218
   194/299    0.795G   0.03016   0.02131  0.006123   0.05759        10       640    0.9742    0.9834     0.994    0.8112   0.02293    0.0141   0.00418
   195/299    0.795G   0.02987    0.0214  0.006335   0.05761        28       640    0.9793    0.9851    0.9932    0.8079   0.02303    0.0142  0.004204
   196/299    0.795G   0.03064    0.0211  0.006347   0.05808        26       640     0.986     0.975    0.9941    0.8118   0.02285    0.0141  0.004148
   197/299    0.795G   0.02993    0.0219  0.005964   0.05779        25       640     0.977    0.9843    0.9933    0.8063   0.02304   0.01418  0.004152
   198/299    0.795G   0.02987   0.02136  0.006185   0.05742        17       640    0.9828    0.9814     0.994    0.8095   0.02299   0.01437   0.00416
   199/299    0.795G   0.02978   0.02092  0.006304     0.057        10       640    0.9901    0.9773    0.9941    0.8147   0.02292   0.01428  0.004152
   200/299    0.795G   0.02966   0.02131  0.006285   0.05726        19       640    0.9761    0.9887    0.9945    0.8164   0.02272   0.01417  0.004151
   201/299    0.795G    0.0293   0.02045  0.005954   0.05571        17       640    0.9818    0.9864    0.9945     0.816   0.02267   0.01423   0.00411
   202/299    0.795G   0.03018   0.02173  0.006516   0.05843        11       640     0.984    0.9809    0.9945    0.8181    0.0227   0.01415  0.004116
   203/299    0.795G   0.02964   0.02139  0.006458   0.05749        26       640    0.9792    0.9853    0.9944    0.8118   0.02285    0.0141  0.004116
   204/299    0.795G      0.03   0.02199   0.00634   0.05833        11       640    0.9686    0.9868     0.994    0.8141   0.02263   0.01413  0.004139
   205/299    0.795G   0.02949    0.0212  0.006243   0.05693        19       640    0.9783    0.9822    0.9938    0.8123   0.02284   0.01406  0.004125
   206/299    0.795G   0.02944   0.02097  0.006162   0.05658        17       640    0.9831    0.9764    0.9939    0.8137   0.02257   0.01402  0.004124
   207/299    0.795G   0.02918    0.0211  0.005989   0.05627        21       640    0.9828    0.9814    0.9942    0.8169   0.02263   0.01402  0.004128
   208/299    0.795G   0.02966   0.02056   0.00596   0.05618        11       640    0.9786    0.9837    0.9938    0.8132    0.0226   0.01407  0.004122
   209/299    0.795G   0.02916   0.02116  0.006262   0.05659        17       640    0.9862    0.9742    0.9943    0.8151   0.02254   0.01385    0.0041
   210/299    0.795G   0.02981   0.02049  0.006429   0.05673        30       640    0.9891    0.9748    0.9942    0.8153    0.0225   0.01397  0.004111
   211/299    0.795G   0.02854   0.02098  0.005719   0.05524        26       640    0.9787     0.983    0.9939    0.8159   0.02254   0.01399  0.004128
   212/299    0.795G   0.02932   0.01989  0.006163   0.05537        14       640    0.9811    0.9856    0.9947    0.8191   0.02246    0.0139  0.004071
   213/299    0.795G   0.02881   0.02104  0.005999   0.05585        18       640    0.9835     0.981    0.9946    0.8198   0.02243    0.0139  0.004091
   214/299    0.795G   0.02908   0.02078  0.005756   0.05562        14       640    0.9832    0.9827    0.9942     0.818    0.0225     0.014  0.004132
   215/299    0.795G   0.02897   0.02079  0.005978   0.05573        18       640    0.9853    0.9779     0.994    0.8201   0.02255   0.01385  0.004115
   216/299    0.795G     0.029   0.02077  0.006224     0.056        36       640    0.9843    0.9765    0.9936     0.818    0.0224   0.01383  0.004099
   217/299    0.795G   0.02945   0.02142   0.00624   0.05711        21       640    0.9846    0.9753    0.9936    0.8283   0.02209   0.01385  0.004085
   218/299    0.795G   0.02889   0.01987  0.006096   0.05486        26       640    0.9798    0.9793    0.9944    0.8288   0.02205   0.01377   0.00407
   219/299    0.795G   0.02852   0.02125  0.006061   0.05583        33       640    0.9857      0.98    0.9933    0.8223   0.02222   0.01379  0.004096
   220/299    0.795G   0.02913    0.0204  0.006342   0.05588         6       640    0.9899    0.9801    0.9942    0.8248   0.02212   0.01373   0.00408
   221/299    0.795G    0.0288    0.0197  0.005955   0.05446        28       640    0.9925    0.9752    0.9946    0.8229    0.0222   0.01373  0.004063
   222/299    0.795G   0.02889   0.02049  0.006112   0.05549        21       640    0.9906    0.9744    0.9933    0.8279     0.022   0.01379  0.004058
   223/299    0.795G   0.02839    0.0207  0.005824   0.05491        19       640    0.9848    0.9827    0.9946    0.8272   0.02199   0.01373   0.00407
   224/299    0.795G   0.02875   0.02056  0.006166   0.05547        13       640    0.9862    0.9778    0.9942    0.8242   0.02203   0.01372  0.004055
   225/299    0.795G   0.02906   0.02024  0.006072   0.05537        26       640    0.9799    0.9855    0.9943    0.8229   0.02206   0.01365   0.00406
   226/299    0.795G   0.02828   0.01933  0.005643   0.05326        24       640    0.9807     0.984    0.9944    0.8221   0.02212   0.01354  0.004052
   227/299    0.795G   0.02873   0.02044   0.00583     0.055        11       640    0.9876     0.977    0.9935    0.8268   0.02185   0.01358  0.004088
   228/299    0.795G   0.02869   0.02041  0.005986   0.05509        18       640    0.9842     0.979    0.9943    0.8277   0.02185   0.01357  0.004061
   229/299    0.795G   0.02882   0.02065  0.006012   0.05548        29       640     0.984    0.9787    0.9941    0.8265   0.02186   0.01354  0.004041
   230/299    0.795G   0.02902   0.02052  0.006134   0.05568        28       640    0.9822    0.9811    0.9943    0.8295   0.02178   0.01353  0.004014
   231/299    0.795G   0.02822   0.02036  0.006045   0.05463        15       640    0.9758    0.9907    0.9945    0.8259   0.02193   0.01358  0.004043
   232/299    0.795G   0.02825   0.02005  0.005949   0.05424        13       640    0.9794    0.9839    0.9941    0.8324   0.02175   0.01342   0.00404
   233/299    0.795G   0.02827   0.01994  0.005795   0.05401        26       640     0.986     0.981    0.9943    0.8285   0.02173   0.01352  0.004024
   234/299    0.795G   0.02785   0.02024  0.005691   0.05379        21       640    0.9877    0.9797    0.9942    0.8308   0.02172   0.01345  0.004014
   235/299    0.795G   0.02883    0.0202   0.00608    0.0551        21       640     0.988    0.9806    0.9946    0.8314   0.02181   0.01336  0.004019
   236/299    0.795G   0.02924   0.02043  0.006333   0.05601        19       640    0.9889    0.9802    0.9951    0.8269   0.02203   0.01352  0.004058
   237/299    0.795G   0.02823   0.02069  0.005799   0.05472        22       640    0.9877    0.9764    0.9947    0.8298   0.02194   0.01351  0.004047
   238/299    0.795G    0.0278   0.01982  0.005755   0.05337        29       640    0.9817    0.9834    0.9947    0.8347   0.02173   0.01343  0.004016
   239/299    0.795G    0.0288   0.02009  0.006042   0.05493        19       640    0.9839    0.9838    0.9946    0.8316   0.02187   0.01342  0.004016
   240/299    0.795G   0.02789   0.02011  0.005919   0.05391        22       640    0.9848    0.9814    0.9945    0.8326    0.0218   0.01341  0.004023
   241/299    0.795G    0.0284   0.02054  0.006093   0.05503        11       640    0.9855    0.9802    0.9947    0.8369    0.0217   0.01336  0.004017
   242/299    0.795G   0.02762   0.01985   0.00569   0.05317        40       640    0.9846    0.9828    0.9941    0.8364   0.02154   0.01333  0.004022
   243/299    0.795G   0.02832   0.02082  0.006152    0.0553        14       640    0.9867    0.9852    0.9949    0.8351   0.02153   0.01331  0.004011
   244/299    0.795G    0.0279   0.02073  0.005659   0.05429        21       640    0.9898    0.9786    0.9939    0.8302   0.02156   0.01338  0.003986
   245/299    0.795G   0.02733   0.02011  0.005734   0.05318        17       640     0.983    0.9821    0.9943    0.8313    0.0215   0.01324  0.003973
   246/299    0.795G   0.02862   0.02042  0.006165   0.05521        13       640    0.9848    0.9823    0.9944    0.8318    0.0216   0.01333  0.003989
   247/299    0.795G   0.02813   0.01926  0.006141   0.05354        15       640     0.986    0.9857    0.9948    0.8305   0.02167   0.01349  0.004006
   248/299    0.795G   0.02801   0.01981  0.005871   0.05369        15       640    0.9827    0.9837    0.9941    0.8312    0.0216   0.01334  0.003964
   249/299    0.795G   0.02708   0.01996  0.005572   0.05262        22       640    0.9887    0.9794    0.9944    0.8348   0.02157   0.01322  0.003965
   250/299    0.795G   0.02705   0.01933  0.005582   0.05196        10       640    0.9868    0.9812    0.9947    0.8398    0.0215   0.01321  0.003991
   251/299    0.795G   0.02785   0.02025  0.005939   0.05404        14       640      0.98    0.9906    0.9944    0.8361   0.02162   0.01334  0.004005
   252/299    0.795G   0.02803   0.02011   0.00592   0.05406        34       640    0.9782    0.9885    0.9937    0.8323   0.02156   0.01326  0.003968
   253/299    0.795G   0.02817   0.02104  0.005792     0.055        21       640    0.9805    0.9876    0.9947    0.8348   0.02143   0.01316  0.003966
   254/299    0.795G   0.02819   0.01981  0.005822   0.05381        28       640    0.9762    0.9914    0.9946     0.834   0.02161    0.0132  0.003951
   255/299    0.795G   0.02812   0.01958  0.006108   0.05381        35       640    0.9862    0.9795    0.9947    0.8344   0.02146   0.01308  0.003956
   256/299    0.795G   0.02774   0.02033  0.005717   0.05378        20       640    0.9883    0.9807    0.9947    0.8367   0.02138   0.01313  0.003958
   257/299    0.795G    0.0272   0.01986  0.005565   0.05263        24       640    0.9848    0.9823    0.9947     0.834   0.02151   0.01308  0.003953
   258/299    0.795G   0.02807    0.0205  0.005886   0.05445        27       640    0.9795    0.9886    0.9943    0.8331   0.02162   0.01323  0.003966
   259/299    0.795G   0.02694   0.01945  0.005648   0.05204        18       640    0.9853    0.9808    0.9947    0.8346   0.02141   0.01327  0.003955
   260/299    0.795G   0.02854   0.02042  0.006088   0.05505         7       640    0.9786    0.9921     0.995    0.8367   0.02138   0.01325  0.003941
   261/299    0.795G   0.02761    0.0198   0.00598   0.05339        31       640    0.9798    0.9931    0.9952     0.838   0.02139   0.01319  0.003943
   262/299    0.795G   0.02783   0.02063  0.005708   0.05417        32       640    0.9863    0.9854    0.9952    0.8416   0.02126   0.01309  0.003946
   263/299    0.795G   0.02656   0.01887  0.005277   0.05071        29       640    0.9807    0.9909    0.9951     0.842   0.02132   0.01313  0.003956
   264/299    0.795G   0.02707   0.02031  0.005819    0.0532        26       640     0.981    0.9901    0.9949    0.8415   0.02125    0.0131  0.003967
   265/299    0.795G   0.02732    0.0201  0.005772    0.0532        22       640    0.9778    0.9915    0.9949    0.8374   0.02125    0.0131  0.003956
   266/299    0.795G   0.02779   0.02024  0.005817   0.05384        14       640    0.9917    0.9757    0.9949    0.8402    0.0213    0.0131  0.003946
   267/299    0.795G   0.02794    0.0201  0.006062    0.0541        11       640    0.9869    0.9806    0.9946    0.8408   0.02128   0.01313  0.003942
   268/299    0.795G   0.02725   0.01954  0.005709    0.0525        24       640    0.9862    0.9809    0.9949    0.8379   0.02123   0.01305  0.003937
   269/299    0.795G    0.0276   0.02012   0.00595   0.05367        12       640    0.9811    0.9844    0.9946    0.8387   0.02127   0.01321  0.003959
   270/299    0.795G   0.02761   0.02014   0.00596   0.05371        19       640    0.9884    0.9785    0.9951    0.8379   0.02138   0.01314  0.003964
   271/299    0.795G   0.02694   0.01969  0.005631   0.05226        22       640    0.9815    0.9883    0.9945    0.8448   0.02115   0.01303  0.003937
   272/299    0.795G   0.02719   0.01997  0.005533   0.05269        25       640    0.9828    0.9818    0.9944    0.8453   0.02109   0.01307  0.003933
   273/299    0.795G   0.02678   0.01913   0.00544   0.05135        37       640    0.9861      0.98    0.9935    0.8409   0.02121   0.01306   0.00393
   274/299    0.795G   0.02713   0.02029  0.005751   0.05317        34       640    0.9904    0.9754    0.9943    0.8395   0.02124   0.01309  0.003944
   275/299    0.795G   0.02718   0.01951  0.005713    0.0524        16       640    0.9864    0.9826    0.9946    0.8398   0.02116   0.01299  0.003948
   276/299    0.795G    0.0269   0.01893  0.005545   0.05138        12       640    0.9891    0.9784     0.995    0.8427   0.02106   0.01291  0.003918
   277/299    0.795G   0.02713   0.01985  0.005664   0.05265        30       640    0.9802    0.9894    0.9949    0.8426   0.02107   0.01298  0.003918
   278/299    0.795G   0.02698   0.01932  0.005398   0.05169        23       640    0.9788    0.9877    0.9949    0.8397   0.02108     0.013  0.003924
   279/299    0.795G   0.02752   0.01941   0.00572   0.05265        14       640    0.9796    0.9879    0.9948    0.8419   0.02114   0.01298  0.003927
   280/299    0.795G   0.02763   0.01939  0.005786   0.05281        10       640    0.9848    0.9807    0.9948    0.8385   0.02115   0.01301  0.003913
   281/299    0.795G   0.02713   0.01988  0.005686    0.0527         9       640    0.9892    0.9811    0.9946    0.8438   0.02095   0.01293  0.003913
   282/299    0.795G   0.02708    0.0191  0.005512   0.05169         9       640    0.9914    0.9801     0.995    0.8411   0.02102   0.01292  0.003918
   283/299    0.795G   0.02726   0.01973  0.005764   0.05275        16       640    0.9922    0.9789    0.9946    0.8447   0.02095   0.01289  0.003925
   284/299    0.795G   0.02768   0.02033  0.005844   0.05386        28       640    0.9898    0.9765    0.9948     0.846   0.02088   0.01275  0.003917
   285/299    0.795G   0.02684   0.01934   0.00554   0.05172        14       640    0.9894    0.9787    0.9948    0.8441   0.02095   0.01282  0.003912
   286/299    0.795G   0.02701   0.01977  0.005615   0.05239         8       640    0.9872    0.9799    0.9949    0.8447   0.02096   0.01286  0.003936
   287/299    0.795G   0.02764   0.01983  0.006036   0.05351        34       640    0.9917    0.9757     0.994    0.8446   0.02093   0.01286  0.003924
   288/299    0.795G   0.02682   0.01999  0.005575   0.05238         6       640    0.9814    0.9826    0.9946    0.8419   0.02116   0.01296  0.003961
   289/299    0.795G   0.02683    0.0187  0.005603   0.05113        14       640    0.9815    0.9843    0.9945    0.8441    0.0209   0.01283  0.003939
   290/299    0.795G   0.02716   0.01959  0.005497   0.05225        22       640    0.9908    0.9756    0.9947    0.8454   0.02087   0.01287  0.003924
   291/299    0.795G   0.02692   0.01919  0.005634   0.05175        17       640    0.9887    0.9809    0.9952    0.8468    0.0209   0.01288  0.003914
   292/299    0.795G   0.02729    0.0194  0.005932   0.05263        19       640    0.9792    0.9896    0.9951    0.8472   0.02079   0.01276  0.003925
   293/299    0.795G   0.02764   0.01949  0.005707   0.05284        18       640    0.9844    0.9882    0.9953    0.8482   0.02078    0.0128  0.003925
   294/299    0.795G   0.02698   0.02052  0.005665   0.05316        20       640    0.9852    0.9873    0.9953    0.8484   0.02084   0.01278  0.003919
   295/299    0.795G    0.0277   0.02036  0.006077   0.05413        16       640    0.9849    0.9834    0.9952    0.8472   0.02085   0.01284  0.003938
   296/299    0.795G   0.02654   0.01912  0.005506   0.05116        34       640    0.9865    0.9847    0.9951    0.8478   0.02085   0.01276  0.003935
   297/299    0.795G   0.02763    0.0194  0.005766   0.05279        16       640    0.9858    0.9871    0.9951    0.8476   0.02087   0.01278  0.003899
   298/299    0.795G   0.02792   0.01918   0.00615   0.05325        10       640    0.9913    0.9766    0.9951     0.847   0.02082   0.01287  0.003904
   299/299    0.795G   0.02687   0.01931  0.005452   0.05164         5       640    0.9898    0.9791    0.9951    0.8473   0.02091   0.01287  0.003913
