     0/299    0.508G    0.1079   0.05221   0.03917    0.1992        29       640  0.003364    0.1586  0.001346 0.0002212    0.1088   0.05211   0.04781
     1/299    0.491G   0.09558   0.05826   0.03619      0.19        30       640   0.00187    0.1269 0.0004351  6.14e-05   0.09409   0.04931   0.03596
     2/299    0.516G   0.09248   0.05935     0.035    0.1868        16       640   0.01359    0.1536  0.004954 0.0007276   0.08885   0.05063    0.0342
     3/299    0.516G   0.09031   0.05774   0.03426    0.1823        22       640   0.08726    0.1018    0.0316  0.004902   0.08921   0.04553   0.03344
     4/299    0.516G   0.08826    0.0522   0.03303    0.1735        13       640   0.05949    0.1165   0.03187  0.005116    0.0854   0.05076   0.03062
     5/299    0.579G    0.0848   0.05125   0.03202    0.1681        13       640    0.1672    0.2971    0.1418   0.03152   0.08232   0.04915   0.02855
     6/299    0.579G   0.08226   0.05059   0.03097    0.1638        10       640   0.04204    0.3535   0.04421  0.007538   0.07789   0.07472   0.02618
     7/299    0.581G   0.07742   0.04937   0.02859    0.1554        19       640    0.1616    0.4403     0.162   0.02936   0.06791   0.04749   0.02226
     8/299    0.581G   0.07567   0.04657   0.02541    0.1476        11       640     0.205    0.2165    0.1191   0.02373   0.08074   0.08682   0.02051
     9/299    0.642G   0.07501   0.04535   0.02377    0.1441         9       640    0.4019    0.5882    0.3972    0.1051    0.0664   0.03904   0.01556
    10/299    0.642G   0.07449   0.04443   0.02177    0.1407         8       640     0.444    0.5762     0.429    0.1008   0.06515   0.03573   0.01544
    11/299    0.642G   0.07071   0.04201   0.02051    0.1332        34       640    0.3159    0.6524    0.3547   0.09203   0.06615   0.03695   0.01433
    12/299    0.642G    0.0697   0.04124   0.01855    0.1295        12       640    0.4488    0.5969    0.4076   0.09746   0.06772   0.03248   0.01297
    13/299    0.642G   0.06754   0.03946   0.01832    0.1253        28       640    0.3374    0.6215    0.4075    0.1176   0.06649   0.03982   0.01153
    14/299    0.642G    0.0667   0.04074   0.01749    0.1249        13       640    0.4253    0.6362    0.4454     0.123   0.05896   0.04755   0.01291
    15/299    0.642G    0.0639   0.03928   0.01646    0.1196        18       640    0.4653    0.3588    0.3714     0.117   0.06768   0.06086   0.01737
    16/299    0.642G    0.0638   0.03902   0.01587    0.1187        12       640    0.7817    0.7379    0.8101    0.3304   0.05228   0.03216   0.01002
    17/299    0.642G   0.06193   0.03719   0.01498    0.1141        24       640     0.525    0.7113    0.5822     0.175   0.05675   0.03301  0.009534
    18/299    0.642G   0.06135   0.03732   0.01464    0.1133        39       640    0.6849    0.6973    0.7403    0.2631     0.052   0.02888  0.008662
    19/299    0.642G   0.05997    0.0371   0.01391     0.111        13       640    0.6476    0.7374    0.6966    0.2027   0.05699    0.0322  0.008603
    20/299    0.642G   0.05849   0.03647   0.01337    0.1083        23       640    0.7578    0.7423    0.7777    0.2822   0.05241   0.02998  0.007784
    21/299    0.642G   0.05811   0.03632    0.0127    0.1071         9       640    0.7632    0.7563    0.8216    0.3327   0.05031   0.02783   0.00934
    22/299    0.642G   0.05635   0.03694    0.0127     0.106        31       640    0.7779    0.8138    0.8485    0.3472   0.04912   0.02822  0.009345
    23/299    0.642G    0.0567   0.03505   0.01289    0.1046        20       640       0.8    0.8013    0.8674    0.4077   0.04671   0.02619  0.007366
    24/299    0.642G    0.0561   0.03371   0.01269    0.1025         7       640    0.7819    0.7859    0.8413    0.3532   0.04921   0.02777  0.007965
    25/299    0.642G   0.05391     0.036   0.01197    0.1019        10       640    0.7165    0.8326    0.7994     0.321    0.0466    0.0274  0.007363
    26/299    0.642G    0.0545   0.03515   0.01145    0.1011        23       640    0.6749    0.7125    0.7298    0.2735   0.05203    0.0335  0.009625
    27/299    0.642G   0.05229   0.03393   0.01158    0.0978        27       640    0.8596    0.8324    0.9118    0.4628   0.04284   0.02578  0.007258
    28/299    0.642G   0.05279   0.03399   0.01086   0.09764        31       640    0.8121    0.8186     0.863    0.3833   0.04426   0.02593  0.006794
    29/299    0.642G   0.05171   0.03409     0.011   0.09679        14       640    0.8323    0.8603    0.9121    0.3831    0.0457   0.02505  0.006548
    30/299    0.642G   0.05073   0.03243   0.01031   0.09347        27       640     0.868    0.8742    0.9258    0.4878   0.04151   0.02429  0.006382
    31/299    0.642G   0.04963   0.03239   0.01007   0.09208        28       640    0.8893    0.8743    0.9331    0.5009   0.04016   0.02422  0.006422
    32/299    0.642G   0.05057   0.03265   0.01008    0.0933        13       640    0.8501    0.8839    0.9273     0.467   0.04203    0.0243  0.006333
    33/299    0.642G    0.0515   0.03339   0.01039   0.09528        21       640    0.8432    0.8807    0.9184    0.4316   0.04563   0.02473   0.00664
    34/299    0.642G   0.04972   0.03352    0.0102   0.09343        20       640    0.9046    0.8864    0.9507     0.482   0.04023   0.02392  0.006351
    35/299    0.642G   0.04845   0.03092  0.009962   0.08934        14       640    0.9109    0.8438    0.9428    0.4869   0.04084   0.02399  0.006463
    36/299    0.642G    0.0487   0.03206  0.009816   0.09058        32       640    0.8675    0.8668     0.926    0.4373   0.04335   0.02399  0.006413
    37/299    0.642G   0.04816   0.03053   0.01004   0.08873         7       640     0.911     0.871    0.9449    0.4806   0.04136   0.02283  0.006003
    38/299    0.642G    0.0495   0.03126   0.00977   0.09052        14       640    0.8802    0.9011    0.9464    0.5263   0.03988   0.02298  0.006227
    39/299    0.642G   0.04655   0.02969  0.009314   0.08556         8       640    0.8903    0.8953    0.9472    0.5281   0.03854   0.02335  0.006019
    40/299    0.642G   0.04731   0.03121  0.009894   0.08841        18       640    0.8868    0.8853    0.9429    0.5193    0.0393    0.0225  0.006074
    41/299    0.642G   0.04693    0.0307  0.009455   0.08709        19       640    0.9129    0.9001    0.9527    0.5386   0.03784   0.02222  0.005922
    42/299    0.642G   0.04632   0.02954  0.009178   0.08504        10       640    0.8846     0.889    0.9404    0.5218   0.03927   0.02216  0.005923
    43/299    0.642G   0.04738   0.03103  0.009398    0.0878        24       640    0.9113     0.911    0.9566    0.5442   0.03881   0.02171  0.005876
    44/299    0.642G   0.04757   0.02991  0.009311   0.08679        32       640    0.9002    0.9116    0.9497      0.52   0.03894   0.02173  0.005705
    45/299    0.642G    0.0454    0.0298  0.008993   0.08419        22       640    0.7848    0.7076     0.765    0.3698   0.04871   0.03242   0.01066
    46/299    0.642G   0.04483   0.03009  0.008961   0.08388        25       640    0.9037    0.9243    0.9592    0.5181   0.03897   0.02222  0.005923
    47/299    0.642G   0.04518   0.02905  0.009166    0.0834        23       640     0.891     0.924    0.9518    0.5327   0.03937   0.02149   0.00582
    48/299    0.642G   0.04537   0.02918   0.00874   0.08329        26       640    0.9398    0.9183    0.9687    0.5952   0.03502    0.0214  0.005755
    49/299    0.642G   0.04346   0.02895  0.008763   0.08118        12       640    0.9254    0.9177    0.9689    0.5854   0.03545   0.02134  0.005516
    50/299    0.642G   0.04241   0.02853  0.008447   0.07939        17       640    0.9217    0.9169    0.9649    0.5658   0.03654    0.0219  0.005564
    51/299    0.642G   0.04391   0.02955  0.008586   0.08205        11       640    0.9222    0.9094    0.9653    0.5962   0.03507   0.02123  0.005596
    52/299    0.642G   0.04452   0.02893  0.008917   0.08237        27       640    0.9163    0.9264    0.9676    0.5618   0.03677    0.0209  0.005547
    53/299    0.642G    0.0436   0.02728  0.008373   0.07925        14       640    0.9299    0.9266    0.9721    0.5936   0.03444   0.02074  0.005659
    54/299    0.642G   0.04385    0.0293  0.008475   0.08162         3       640    0.9122    0.9308    0.9646    0.5973   0.03453   0.02079  0.005558
    55/299    0.642G   0.04158   0.02882  0.008658   0.07906        13       640    0.9308    0.9311    0.9706    0.6081   0.03415   0.02019  0.005439
    56/299    0.642G   0.04259   0.02835  0.008583   0.07952        28       640    0.9522    0.9374    0.9757    0.6101   0.03476   0.02088  0.005462
    57/299    0.642G   0.04116   0.02897  0.008207   0.07834        15       640    0.9593     0.941    0.9773    0.6376   0.03308   0.02024  0.005423
    58/299    0.642G   0.04124   0.02733  0.008003   0.07657        13       640    0.9438    0.9524    0.9796    0.6091   0.03516   0.02122  0.005603
    59/299    0.642G   0.04284   0.02898  0.008456   0.08028        20       640    0.9453    0.9384    0.9721    0.6178   0.03421   0.02008  0.005617
    60/299    0.642G   0.04317   0.02912  0.008433   0.08072        36       640    0.9364    0.9544    0.9783    0.6303   0.03308   0.02038  0.005479
    61/299    0.642G   0.04103   0.02749   0.00806   0.07658         7       640    0.9541    0.9372    0.9769     0.627   0.03255   0.01996   0.00542
    62/299    0.642G   0.04048   0.02781  0.008366   0.07665        31       640    0.9356    0.9303     0.971    0.6254   0.03363   0.02046  0.005416
    63/299    0.642G     0.041   0.02707   0.00823    0.0763        23       640    0.9378    0.9478    0.9775    0.6383   0.03265   0.01993  0.005357
    64/299    0.642G   0.04165   0.02783  0.008175   0.07766         8       640     0.953    0.9558    0.9793    0.5923   0.03515   0.02019    0.0055
    65/299    0.642G   0.04248   0.02846  0.007668   0.07861         7       640    0.9456    0.9495    0.9768    0.6245   0.03376    0.0202  0.005349
    66/299    0.642G   0.04019   0.02714  0.008056   0.07539        19       640    0.9567    0.9567    0.9794    0.6419   0.03242   0.01956  0.005212
    67/299    0.642G   0.04045   0.02776  0.008009   0.07622        10       640    0.9336     0.945    0.9728    0.6247   0.03253   0.01973  0.005229
    68/299    0.642G   0.03945   0.02898   0.00804   0.07648        17       640    0.9657    0.9426    0.9802    0.6431   0.03198   0.01958  0.005254
    69/299    0.642G   0.04162   0.02664  0.008198   0.07646        24       640    0.9576    0.9482    0.9796    0.6476   0.03317   0.01932  0.005204
    70/299    0.642G   0.04216   0.02802  0.008029   0.07821        20       640    0.9626    0.9433    0.9805    0.6638   0.03136   0.01902  0.005141
    71/299    0.642G   0.04166   0.02753   0.00787   0.07707        16       640    0.9512    0.9467    0.9789    0.6348   0.03305   0.01979  0.005294
    72/299    0.642G   0.03913   0.02699  0.007775    0.0739        27       640    0.9381     0.964    0.9811    0.6546   0.03255   0.01907  0.005115
    73/299    0.642G   0.03901   0.02638  0.007749   0.07313         9       640    0.9633     0.955    0.9833    0.6695   0.03122   0.01921  0.005109
    74/299    0.642G   0.04043   0.02662  0.007525   0.07457        14       640    0.9558    0.9611    0.9806    0.6342   0.03256   0.01919  0.005172
    75/299    0.642G   0.03937   0.02723  0.007669   0.07427        18       640    0.9455    0.9537    0.9805    0.6363   0.03161   0.01917  0.005108
    76/299    0.642G   0.03952   0.02659  0.007821   0.07393        14       640    0.9567    0.9658    0.9836    0.6757   0.03038   0.01867  0.005055
    77/299    0.642G   0.03933    0.0268   0.00785   0.07397        22       640    0.9619    0.9443    0.9817     0.672   0.03071   0.01888  0.005116
    78/299    0.642G   0.03839   0.02752  0.007437   0.07335        28       640    0.9465    0.9447    0.9772     0.663   0.03125   0.01919  0.005176
    79/299    0.642G   0.03962   0.02635   0.00795   0.07392         8       640    0.9528    0.9533     0.981    0.6666   0.03126   0.01894  0.005167
    80/299    0.642G    0.0401   0.02672   0.00764   0.07447        23       640    0.9526    0.9621    0.9831    0.6732   0.03041   0.01884  0.005156
    81/299    0.642G   0.03838   0.02742   0.00746   0.07327        37       640    0.9447    0.9672    0.9813    0.6717   0.03107   0.01895  0.005117
    82/299    0.642G   0.03783    0.0261  0.007382   0.07131        11       640    0.9547    0.9718    0.9855    0.6933   0.02985   0.01853  0.004982
    83/299    0.642G   0.03782   0.02605  0.007505   0.07138        15       640    0.9591    0.9688     0.986    0.6909   0.02978   0.01834  0.004991
    84/299    0.642G   0.03709   0.02702  0.007066   0.07118        12       640    0.9551    0.9703     0.985    0.6904   0.02977   0.01823  0.004905
    85/299    0.642G     0.038   0.02605   0.00736    0.0714        28       640    0.9483    0.9658     0.984     0.695   0.03004   0.01846  0.004977
    86/299    0.642G   0.03831   0.02689  0.007533   0.07273        16       640    0.9558     0.969    0.9849    0.6909   0.02994   0.01852  0.004884
    87/299    0.642G   0.03684   0.02591   0.00734   0.07009        21       640    0.9428    0.9641    0.9817    0.6918   0.02961   0.01818  0.004793
    88/299    0.642G   0.03828   0.02597  0.007422   0.07167        13       640    0.9567    0.9646    0.9864    0.6922   0.02984   0.01831  0.004895
    89/299    0.642G    0.0383   0.02541  0.007389   0.07109         6       640    0.9474    0.9726    0.9864    0.6748    0.0308   0.01843  0.004882
    90/299    0.642G   0.03747   0.02602  0.007315    0.0708        13       640    0.9611    0.9638    0.9858    0.6991   0.02928   0.01817  0.004818
    91/299    0.642G    0.0379   0.02614  0.007352   0.07139        12       640    0.9595     0.972    0.9858    0.6965   0.02895   0.01815  0.004881
    92/299    0.642G   0.03753   0.02535  0.007769   0.07065        23       640    0.9585    0.9641     0.986    0.7143   0.02837   0.01777  0.004838
    93/299    0.642G   0.03628   0.02559  0.007098   0.06896        18       640    0.9588    0.9471    0.9834    0.7003   0.02953   0.01793  0.004834
    94/299    0.642G   0.03631   0.02493  0.006944   0.06819        10       640    0.9593     0.966    0.9859    0.7196   0.02833   0.01771  0.004781
    95/299    0.642G   0.03662   0.02467  0.006794   0.06808         8       640    0.9667    0.9681    0.9863    0.7139   0.02906   0.01792  0.004876
    96/299    0.642G   0.03765   0.02551  0.007581   0.07074        35       640    0.9637    0.9691    0.9876    0.7196   0.02824   0.01798  0.004927
    97/299    0.642G   0.03704   0.02431  0.007079   0.06843        24       640    0.9644    0.9487    0.9867    0.7065   0.02857   0.01764  0.004794
    98/299    0.642G   0.03652   0.02541  0.006963    0.0689        25       640    0.9632    0.9633    0.9842    0.6981   0.02927   0.01789  0.004865
    99/299    0.642G    0.0358   0.02561  0.007231   0.06863        25       640    0.9736    0.9663    0.9882    0.7211   0.02789   0.01745  0.004759
   100/299    0.642G   0.03646   0.02514  0.007286   0.06889        11       640    0.9589    0.9679     0.987    0.7104   0.02846   0.01753  0.004687
   101/299    0.642G    0.0366   0.02467  0.007095   0.06837        13       640    0.9492    0.9697    0.9863    0.7071   0.02879   0.01755  0.004772
   102/299    0.642G   0.03688   0.02469  0.007153   0.06873        16       640    0.9705    0.9628    0.9889    0.7305   0.02801   0.01736  0.004773
   103/299    0.642G   0.03622   0.02526  0.006957   0.06844        23       640    0.9612    0.9727    0.9884    0.7309   0.02777   0.01727  0.004646
   104/299    0.642G   0.03529   0.02396  0.006916   0.06617         3       640    0.9661    0.9725    0.9906    0.7249   0.02813   0.01734  0.004716
   105/299    0.642G    0.0359   0.02518  0.007387   0.06847        33       640    0.9449    0.9716    0.9872    0.7178   0.02865   0.01741  0.004718
   106/299    0.642G   0.03665   0.02565  0.007181   0.06948        14       640    0.9574    0.9752    0.9876    0.7183   0.02783   0.01728  0.004752
   107/299    0.642G   0.03701   0.02517  0.007035   0.06921        17       640    0.9596    0.9688     0.988    0.7035   0.02875    0.0174  0.004678
   108/299    0.642G   0.03671   0.02397  0.007198   0.06787        12       640    0.9677    0.9639    0.9882    0.7311   0.02762   0.01711  0.004674
   109/299    0.642G   0.03527   0.02514  0.006947   0.06736         9       640    0.9667    0.9689    0.9892    0.7303   0.02743   0.01694  0.004612
   110/299    0.642G   0.03528   0.02486  0.007053   0.06719        29       640    0.9584    0.9724      0.99    0.7228   0.02801   0.01728  0.004673
   111/299    0.642G   0.03508   0.02436  0.006814   0.06625        29       640    0.9652    0.9681    0.9894      0.73   0.02734   0.01684  0.004635
   112/299    0.642G   0.03542   0.02442   0.00694   0.06678         6       640     0.952    0.9777    0.9891    0.7448   0.02682   0.01683  0.004643
   113/299    0.642G   0.03517   0.02462  0.007101   0.06688        22       640     0.953    0.9736    0.9874    0.7128   0.02829   0.01768  0.004775
   114/299    0.642G   0.03635   0.02519  0.006876   0.06841        30       640    0.9516    0.9718    0.9829    0.7263   0.02818   0.01699  0.004601
   115/299    0.642G   0.03479   0.02449  0.006748   0.06603        15       640    0.9624    0.9726    0.9899    0.7377   0.02738   0.01672  0.004594
   116/299    0.642G     0.035   0.02407  0.006686   0.06576        19       640     0.964     0.979    0.9907     0.726   0.02796   0.01682  0.004607
   117/299    0.642G   0.03514   0.02467  0.006868   0.06667        20       640    0.9684    0.9669    0.9886     0.721   0.02763   0.01687  0.004665
   118/299    0.642G   0.03661    0.0247  0.007172   0.06848        25       640    0.9616    0.9717    0.9894    0.7224   0.02791   0.01695  0.004681
   119/299    0.642G    0.0351   0.02449  0.007124   0.06672         6       640    0.9594    0.9658    0.9898    0.7479   0.02687   0.01669  0.004565
   120/299    0.642G   0.03408    0.0242  0.006647   0.06493        18       640    0.9717    0.9599    0.9901    0.7454   0.02698   0.01665  0.004543
   121/299    0.642G   0.03562   0.02514  0.007131   0.06789        11       640    0.9684    0.9643    0.9906     0.735   0.02734   0.01674  0.004535
   122/299    0.642G   0.03434    0.0245  0.006808   0.06564        31       640    0.9644    0.9758    0.9913    0.7424   0.02689    0.0165  0.004507
   123/299    0.642G   0.03472   0.02406  0.006804   0.06558        17       640    0.9588    0.9748    0.9895    0.7464   0.02675   0.01658  0.004653
   124/299    0.642G   0.03353   0.02377  0.006626   0.06393        12       640    0.9614    0.9659    0.9896    0.7526   0.02623   0.01653   0.00453
   125/299    0.642G   0.03411   0.02298  0.006686   0.06378        14       640    0.9697    0.9742      0.99    0.7459   0.02615   0.01643  0.004476
   126/299    0.642G   0.03492   0.02503  0.006986   0.06694        23       640    0.9621    0.9828    0.9912    0.7304   0.02743   0.01674  0.004519
   127/299    0.642G    0.0343   0.02392  0.006477    0.0647        21       640    0.9725    0.9665    0.9901    0.7488   0.02631   0.01638  0.004452
   128/299    0.642G   0.03446   0.02415  0.006547   0.06515        24       640    0.9614     0.979    0.9912    0.7525   0.02648   0.01656  0.004538
   129/299    0.642G   0.03406   0.02354  0.006395   0.06399         9       640    0.9575    0.9754      0.99    0.7469   0.02627   0.01639  0.004537
   130/299    0.642G   0.03345    0.0238  0.006642   0.06389         9       640    0.9547    0.9803    0.9903    0.7593   0.02593   0.01632  0.004484
   131/299    0.642G   0.03397    0.0245   0.00691   0.06538         9       640    0.9605    0.9699     0.991    0.7492   0.02629   0.01633  0.004513
   132/299    0.642G   0.03369   0.02417  0.006637    0.0645        27       640     0.968    0.9766    0.9906    0.7654   0.02579   0.01591  0.004464
   133/299    0.642G   0.03475   0.02335  0.006509   0.06461        12       640    0.9599    0.9798    0.9904    0.7474   0.02644   0.01601  0.004482
   134/299    0.642G   0.03507   0.02402   0.00668   0.06577        30       640    0.9772    0.9755    0.9906    0.7645   0.02587   0.01607  0.004494
   135/299    0.642G   0.03313   0.02428  0.006825   0.06424        13       640    0.9752    0.9772    0.9918    0.7659   0.02571   0.01613  0.004422
   136/299    0.642G   0.03383   0.02333  0.006623   0.06379        14       640    0.9686    0.9786    0.9909    0.7657   0.02581   0.01605  0.004441
   137/299    0.642G   0.03321   0.02319   0.00689    0.0633        26       640    0.9643    0.9792    0.9906    0.7618   0.02593   0.01624  0.004475
   138/299    0.642G   0.03357   0.02379  0.006971   0.06433        29       640    0.9576    0.9825    0.9906    0.7612   0.02577   0.01608  0.004472
   139/299    0.642G    0.0343   0.02335  0.006918   0.06457         8       640    0.9675    0.9838    0.9923    0.7646   0.02547   0.01593  0.004451
   140/299    0.642G   0.03324   0.02301  0.006732   0.06298        36       640     0.967    0.9817    0.9911    0.7603   0.02576   0.01574  0.004401
   141/299    0.642G   0.03233   0.02227  0.006622   0.06122        12       640     0.962    0.9811    0.9906    0.7661    0.0255   0.01581  0.004454
   142/299    0.642G   0.03237   0.02254  0.006427   0.06134        13       640    0.9653    0.9773    0.9909    0.7694     0.026   0.01601  0.004433
   143/299    0.642G   0.03293   0.02383  0.006856   0.06362        24       640    0.9709    0.9768    0.9911    0.7753   0.02532   0.01583  0.004426
   144/299    0.642G   0.03382    0.0241  0.006865   0.06478        33       640    0.9687    0.9796    0.9912    0.7725   0.02544   0.01586  0.004411
   145/299    0.642G   0.03273   0.02367  0.007131   0.06353        28       640    0.9733    0.9772    0.9913    0.7699   0.02554   0.01584  0.004447
   146/299    0.642G   0.03203   0.02234  0.006642   0.06101         6       640    0.9595    0.9844    0.9918    0.7694   0.02529   0.01577  0.004443
   147/299    0.642G   0.03226   0.02267   0.00638   0.06131        10       640    0.9717     0.976    0.9928    0.7791   0.02476   0.01541  0.004354
   148/299    0.642G   0.03242   0.02352  0.006719   0.06265        17       640    0.9738    0.9781     0.992    0.7828   0.02468   0.01546   0.00438
   149/299    0.642G   0.03205   0.02254  0.006463   0.06105        17       640    0.9738    0.9778    0.9924    0.7681   0.02524    0.0157  0.004367
   150/299    0.642G   0.03275   0.02307  0.006462   0.06229        14       640    0.9627    0.9806    0.9908    0.7715   0.02526   0.01571  0.004412
   151/299    0.642G    0.0323   0.02278  0.006357   0.06143        37       640    0.9694    0.9776    0.9922    0.7713   0.02488   0.01562  0.004424
   152/299    0.642G   0.03206   0.02292  0.006342   0.06132        15       640    0.9696     0.978    0.9921    0.7763   0.02493   0.01554  0.004439
   153/299    0.642G   0.03252   0.02175  0.006512   0.06078        30       640    0.9711    0.9804    0.9928    0.7675   0.02509   0.01555  0.004401
   154/299    0.642G   0.03273   0.02329  0.006638   0.06266        20       640    0.9638    0.9842    0.9914    0.7773   0.02492   0.01541   0.00438
   155/299    0.642G   0.03284   0.02342  0.006338    0.0626        21       640    0.9707    0.9829     0.993     0.775   0.02503    0.0155   0.00439
   156/299    0.642G   0.03274   0.02345  0.006588   0.06278        26       640    0.9764    0.9777    0.9929    0.7891   0.02472   0.01538  0.004367
   157/299    0.642G   0.03176   0.02208  0.006355    0.0602        16       640     0.973    0.9815    0.9926     0.784   0.02445   0.01518  0.004366
   158/299    0.642G   0.03241    0.0222  0.006394     0.061         3       640    0.9738    0.9819    0.9921    0.7869   0.02449   0.01523   0.00437
   159/299    0.642G   0.03205   0.02251   0.00635   0.06091        30       640    0.9746    0.9773    0.9928    0.7869   0.02455   0.01533  0.004345
   160/299    0.642G   0.03211   0.02312   0.00628   0.06151        20       640    0.9785    0.9712    0.9926    0.7883   0.02435   0.01527  0.004337
   161/299    0.642G   0.03181   0.02334  0.006335   0.06149        18       640    0.9729      0.98    0.9927    0.7861   0.02451   0.01539  0.004296
   162/299    0.642G   0.03099   0.02166  0.006321   0.05897        18       640    0.9749    0.9832    0.9933    0.7912   0.02455   0.01527  0.004352
   163/299    0.642G   0.03181   0.02144  0.006565   0.05981         7       640    0.9742    0.9737     0.993    0.7889   0.02435    0.0153  0.004318
   164/299    0.642G   0.03122   0.02185  0.006341   0.05941        27       640    0.9706    0.9761    0.9929    0.7847   0.02427   0.01529  0.004372
   165/299    0.642G   0.03114   0.02202  0.006219   0.05938        14       640    0.9701     0.987    0.9921    0.7908   0.02422   0.01522   0.00429
   166/299    0.642G   0.03161   0.02224  0.006222   0.06008        18       640    0.9779     0.973    0.9928    0.7904   0.02404   0.01509    0.0043
   167/299    0.642G   0.03172   0.02226  0.006711   0.06069         7       640    0.9665     0.986    0.9923    0.7865   0.02425   0.01514  0.004296
   168/299    0.642G   0.03146   0.02208   0.00632   0.05986        12       640    0.9716    0.9789    0.9925    0.7859    0.0244   0.01514  0.004275
   169/299    0.642G   0.03084   0.02144  0.006071   0.05835        18       640    0.9771    0.9814    0.9934    0.7924   0.02407   0.01505  0.004266
   170/299    0.642G   0.03079   0.02248   0.00643   0.05971        25       640    0.9654    0.9863    0.9931    0.7911    0.0239   0.01511  0.004279
   171/299    0.642G   0.03072   0.02148  0.006088   0.05828        22       640    0.9736    0.9776    0.9929      0.79   0.02412   0.01542  0.004287
   172/299    0.642G   0.03119   0.02197  0.006471   0.05963        11       640    0.9705    0.9834    0.9933     0.795   0.02395   0.01515  0.004255
   173/299    0.642G   0.03167   0.02182  0.006183   0.05967        23       640    0.9773    0.9769    0.9929    0.7931   0.02451   0.01515  0.004284
   174/299    0.642G   0.03111   0.02187  0.006594   0.05957        10       640    0.9761    0.9837    0.9941    0.7874   0.02421   0.01505  0.004306
   175/299    0.642G   0.03079   0.02258  0.006231   0.05959        13       640    0.9681    0.9854    0.9933    0.7866   0.02445   0.01505  0.004289
   176/299    0.642G   0.03107   0.02199  0.006124   0.05919        29       640     0.978    0.9812    0.9938    0.8033   0.02365   0.01488  0.004268
   177/299    0.642G   0.03084   0.02202  0.006272   0.05913        16       640    0.9736     0.985    0.9933    0.7952   0.02367   0.01483  0.004217
   178/299    0.642G   0.03058   0.02155  0.006433   0.05856        37       640    0.9713    0.9859    0.9934     0.796   0.02372   0.01504  0.004233
   179/299    0.642G   0.03084   0.02247   0.00664   0.05995        26       640    0.9786    0.9746    0.9938    0.7948   0.02389   0.01493  0.004242
   180/299    0.642G   0.03058   0.02222  0.006351   0.05915        27       640    0.9753    0.9755    0.9929    0.7998   0.02375   0.01481  0.004233
   181/299    0.642G   0.03093   0.02171  0.006242   0.05888        13       640    0.9786    0.9692    0.9919    0.8058   0.02337   0.01467  0.004178
   182/299    0.642G   0.03046   0.02165  0.006218   0.05833        11       640    0.9747    0.9802    0.9938    0.7988   0.02372   0.01489  0.004199
   183/299    0.642G   0.03058   0.02188  0.006152   0.05861        17       640    0.9686    0.9858    0.9931    0.8015   0.02351   0.01473   0.00419
   184/299    0.642G   0.03079   0.02269  0.006371   0.05985        26       640    0.9696    0.9863    0.9928    0.7984   0.02367   0.01476  0.004203
   185/299    0.642G   0.03003   0.02149  0.006042   0.05757        19       640    0.9787    0.9809    0.9932    0.8069   0.02325   0.01454   0.00423
   186/299    0.642G   0.03097   0.02176  0.006193   0.05892        37       640    0.9798    0.9859    0.9941    0.8065   0.02352   0.01468  0.004253
   187/299    0.642G   0.03008   0.02166  0.006209   0.05795        16       640    0.9826    0.9767    0.9936    0.7993    0.0234   0.01466  0.004232
   188/299    0.642G   0.03113   0.02196  0.006494   0.05958        19       640    0.9755    0.9799    0.9934     0.803   0.02329   0.01462   0.00423
   189/299    0.642G   0.02981   0.02171  0.006033   0.05755        19       640    0.9821    0.9747    0.9941    0.8071   0.02319   0.01446  0.004214
   190/299    0.642G   0.02959   0.02126  0.005855   0.05671        25       640    0.9734    0.9859    0.9938    0.8021    0.0235    0.0147  0.004218
   191/299    0.642G    0.0296   0.02076  0.006193   0.05655         8       640    0.9765    0.9757    0.9934    0.8075   0.02317   0.01447  0.004195
   192/299    0.642G   0.02938   0.02144  0.005826   0.05664        23       640    0.9716     0.986    0.9941    0.8065    0.0232   0.01451  0.004171
   193/299    0.642G     0.031   0.02218  0.006536   0.05971        18       640    0.9837    0.9722    0.9939    0.8079   0.02322   0.01448   0.00416
   194/299    0.642G   0.03014   0.02156  0.006102    0.0578        10       640    0.9763    0.9813    0.9942    0.8124   0.02317   0.01428  0.004158
   195/299    0.642G   0.02987   0.02148  0.006384   0.05773        28       640    0.9747    0.9855    0.9942    0.8028   0.02318   0.01442  0.004187
   196/299    0.642G   0.03119   0.02138  0.006309   0.05888        26       640    0.9777    0.9874    0.9943    0.8101   0.02314   0.01438  0.004169
   197/299    0.642G    0.0303   0.02218  0.005955   0.05843        25       640     0.988    0.9724    0.9941    0.8052   0.02327   0.01435  0.004175
   198/299    0.642G    0.0301   0.02159  0.006163   0.05786        17       640    0.9804     0.983    0.9941    0.8093   0.02296   0.01454  0.004178
   199/299    0.642G   0.03015   0.02119  0.006331   0.05767        10       640    0.9682    0.9897    0.9938     0.812   0.02291   0.01451  0.004155
   200/299    0.642G   0.02988    0.0216  0.006413   0.05789        19       640    0.9845    0.9787    0.9941    0.8136   0.02281   0.01432  0.004155
   201/299    0.642G   0.02928   0.02053  0.006077   0.05589        17       640    0.9809    0.9837    0.9945     0.817   0.02269   0.01425  0.004148
   202/299    0.642G   0.03014   0.02177  0.006462   0.05838        11       640    0.9755    0.9856    0.9944    0.8139   0.02273   0.01438  0.004158
   203/299    0.642G   0.02961   0.02131   0.00644   0.05737        26       640    0.9762    0.9813     0.994    0.8112   0.02284   0.01436  0.004108
   204/299    0.642G   0.03014   0.02212  0.006378   0.05863        11       640    0.9758    0.9777    0.9936    0.8135   0.02262   0.01421  0.004116
   205/299    0.642G   0.02969   0.02119  0.006252   0.05713        19       640    0.9809    0.9787    0.9939    0.8135   0.02281   0.01418  0.004111
   206/299    0.642G   0.02983   0.02116  0.006197    0.0572        17       640      0.98    0.9835    0.9938    0.8158   0.02275    0.0142  0.004135
   207/299    0.642G   0.02946    0.0211  0.005975   0.05653        21       640    0.9756    0.9857    0.9933    0.8125   0.02282   0.01427  0.004146
   208/299    0.642G   0.02977   0.02081  0.006005   0.05659        11       640     0.972    0.9856    0.9929    0.8146   0.02259   0.01435  0.004141
   209/299    0.642G    0.0296   0.02147  0.006286   0.05735        17       640    0.9744    0.9851    0.9933    0.8161    0.0226   0.01424  0.004137
   210/299    0.642G   0.03003   0.02086  0.006435   0.05732        30       640    0.9713    0.9837    0.9933    0.8211    0.0225   0.01422  0.004119
   211/299    0.642G   0.02857   0.02114  0.005749   0.05545        26       640    0.9747    0.9795    0.9923    0.8202   0.02241   0.01415  0.004099
   212/299    0.642G   0.02969   0.01989  0.006158   0.05575        14       640    0.9781    0.9846    0.9944    0.8192   0.02238   0.01404   0.00408
   213/299    0.642G     0.029   0.02126  0.005963   0.05623        18       640    0.9722     0.985    0.9943     0.819   0.02244   0.01415  0.004072
   214/299    0.642G   0.02911   0.02087  0.005758   0.05574        14       640    0.9827    0.9822    0.9948    0.8192   0.02263   0.01424  0.004112
   215/299    0.642G   0.02916    0.0209  0.005974   0.05603        18       640    0.9751    0.9834    0.9939     0.819   0.02254   0.01396  0.004086
   216/299    0.642G    0.0293   0.02094  0.006216   0.05645        36       640    0.9769    0.9833     0.994     0.819   0.02244     0.014  0.004114
   217/299    0.642G   0.02971   0.02174  0.006223   0.05767        21       640    0.9807    0.9844    0.9945    0.8248   0.02228   0.01388  0.004051
   218/299    0.642G     0.029   0.02002   0.00598   0.05501        26       640    0.9811    0.9843    0.9949    0.8213   0.02233   0.01393  0.004065
   219/299    0.642G    0.0286   0.02131  0.005971   0.05589        33       640    0.9797    0.9832    0.9938    0.8205   0.02225   0.01391  0.004097
   220/299    0.642G   0.02936   0.02073  0.006384   0.05647         6       640    0.9742    0.9867    0.9944    0.8267   0.02207   0.01384  0.004055
   221/299    0.642G   0.02873    0.0199  0.005902   0.05453        28       640    0.9745    0.9869    0.9936    0.8257   0.02226    0.0139  0.004045
   222/299    0.642G   0.02918   0.02078  0.006178   0.05614        21       640    0.9847    0.9741    0.9935    0.8215   0.02231   0.01386  0.004062
   223/299    0.642G   0.02863   0.02081  0.005826   0.05527        19       640    0.9676    0.9905    0.9946    0.8242   0.02223   0.01393  0.004066
   224/299    0.642G   0.02877   0.02076  0.006087   0.05561        13       640    0.9748    0.9883    0.9941    0.8245   0.02216   0.01383  0.004056
   225/299    0.642G   0.02918   0.02029  0.006076   0.05555        26       640    0.9743    0.9854    0.9947    0.8257    0.0221   0.01377  0.004076
   226/299    0.642G   0.02848   0.01962  0.005696   0.05379        24       640    0.9729    0.9928    0.9948    0.8299   0.02189   0.01365   0.00405
   227/299    0.642G   0.02885   0.02044  0.005875   0.05516        11       640    0.9734    0.9879    0.9947    0.8255   0.02195   0.01372  0.004068
   228/299    0.642G   0.02877   0.02067  0.006073   0.05551        18       640    0.9746    0.9883    0.9947    0.8273   0.02204   0.01374  0.004087
   229/299    0.642G     0.029   0.02088  0.005966   0.05585        29       640    0.9827    0.9792    0.9946    0.8281   0.02183   0.01369  0.004064
   230/299    0.642G     0.029   0.02063  0.006204   0.05583        28       640    0.9828    0.9795    0.9945    0.8281   0.02191   0.01377  0.004037
   231/299    0.642G   0.02856   0.02047  0.006175    0.0552        15       640    0.9703    0.9897    0.9941    0.8272   0.02196   0.01382   0.00404
   232/299    0.642G   0.02821    0.0202  0.005918   0.05433        13       640     0.975    0.9889    0.9944    0.8314   0.02189   0.01366   0.00404
   233/299    0.642G    0.0285   0.02025  0.005739    0.0545        26       640    0.9736    0.9884    0.9944    0.8276   0.02197   0.01381  0.004044
   234/299    0.642G   0.02804   0.02035  0.005757   0.05415        21       640    0.9707    0.9882    0.9943    0.8292   0.02191   0.01368   0.00403
   235/299    0.642G   0.02866   0.02043  0.006064   0.05516        21       640    0.9853     0.977    0.9946    0.8288   0.02185    0.0136  0.004056
   236/299    0.642G   0.02916   0.02054  0.006363   0.05607        19       640     0.982    0.9803    0.9947    0.8282   0.02198   0.01377  0.004072
   237/299    0.642G   0.02838   0.02076  0.005799   0.05493        22       640    0.9745    0.9858    0.9945    0.8302   0.02191   0.01367  0.004033
   238/299    0.642G   0.02794   0.02006  0.005775   0.05378        29       640    0.9792    0.9793    0.9944    0.8318   0.02178   0.01364  0.004014
   239/299    0.642G   0.02878   0.02011  0.006025   0.05492        19       640    0.9777    0.9844    0.9944    0.8329   0.02173   0.01362  0.004019
   240/299    0.642G   0.02817   0.02041  0.006021    0.0546        22       640    0.9753    0.9839    0.9934    0.8314   0.02177   0.01365  0.004025
   241/299    0.642G   0.02841   0.02059  0.006108   0.05512        11       640    0.9771    0.9808    0.9939    0.8292   0.02197   0.01372  0.004016
   242/299    0.642G   0.02787   0.02005  0.005675    0.0536        40       640    0.9875    0.9746    0.9948     0.831   0.02176   0.01358  0.004011
   243/299    0.642G   0.02851   0.02106   0.00618   0.05574        14       640    0.9868    0.9828    0.9941    0.8297   0.02168   0.01366  0.004033
   244/299    0.642G   0.02812   0.02087  0.005718    0.0547        21       640    0.9852    0.9783    0.9936    0.8345   0.02161   0.01358  0.004025
   245/299    0.642G   0.02758   0.02032  0.005816   0.05371        17       640    0.9873    0.9722    0.9944    0.8274   0.02189   0.01371  0.004006
   246/299    0.642G   0.02866   0.02066  0.006139   0.05546        13       640    0.9776     0.982    0.9941    0.8315   0.02186    0.0137  0.003997
   247/299    0.642G   0.02842   0.01957  0.006146   0.05414        15       640    0.9847    0.9777    0.9942    0.8331   0.02173   0.01356  0.003984
   248/299    0.642G   0.02801   0.01999  0.005783   0.05378        15       640    0.9872    0.9763    0.9942     0.828    0.0218   0.01367  0.003994
   249/299    0.642G   0.02741   0.02031  0.005686   0.05341        22       640    0.9786    0.9868    0.9949    0.8306   0.02171    0.0135  0.003987
   250/299    0.642G   0.02739    0.0195  0.005597   0.05249        10       640    0.9869    0.9765     0.995    0.8306   0.02162   0.01345  0.003973
   251/299    0.642G   0.02795   0.02033  0.005912   0.05419        14       640    0.9821    0.9812    0.9937    0.8324   0.02155   0.01346  0.003962
   252/299    0.642G    0.0283   0.02027  0.005942    0.0545        34       640    0.9828    0.9868    0.9947    0.8357    0.0215   0.01351  0.003975
   253/299    0.642G   0.02834   0.02119  0.005791   0.05533        21       640    0.9837     0.983     0.995    0.8383   0.02143    0.0134  0.003979
   254/299    0.642G    0.0283   0.01997  0.005825    0.0541        28       640    0.9827    0.9814    0.9946    0.8366   0.02153   0.01342  0.003974
   255/299    0.642G   0.02826   0.01972  0.006074   0.05406        35       640    0.9818    0.9857     0.994    0.8334   0.02135   0.01326  0.003978
   256/299    0.642G   0.02798   0.02041  0.005743   0.05413        20       640    0.9722    0.9922     0.995    0.8299   0.02154   0.01337  0.003958
   257/299    0.642G   0.02769   0.02012  0.005622   0.05343        24       640    0.9804    0.9857    0.9945    0.8334   0.02155   0.01333  0.003949
   258/299    0.642G   0.02817   0.02057  0.005807   0.05455        27       640    0.9804     0.987    0.9946    0.8336   0.02142   0.01329  0.003949
   259/299    0.642G    0.0272   0.01959  0.005621   0.05241        18       640    0.9839    0.9808    0.9946    0.8364   0.02138   0.01338  0.003979
   260/299    0.642G   0.02868    0.0206  0.006173   0.05545         7       640    0.9862    0.9823    0.9949    0.8349   0.02151   0.01347     0.004
   261/299    0.642G   0.02783   0.01994  0.005896   0.05366        31       640      0.98    0.9912    0.9953    0.8375   0.02133   0.01329  0.003989
   262/299    0.642G   0.02778   0.02079   0.00559   0.05415        32       640    0.9827    0.9852    0.9948    0.8425   0.02122   0.01325  0.003972
   263/299    0.642G   0.02663   0.01892   0.00526   0.05081        29       640    0.9808    0.9868    0.9942    0.8413   0.02131   0.01331  0.003953
   264/299    0.642G   0.02747   0.02062  0.005796   0.05389        26       640    0.9874    0.9797    0.9941    0.8372   0.02139   0.01331  0.003957
   265/299    0.642G   0.02769   0.02034  0.005696   0.05373        22       640    0.9836    0.9835    0.9944    0.8379   0.02138   0.01336  0.003972
   266/299    0.642G   0.02803   0.02027  0.005829   0.05413        14       640    0.9785    0.9889     0.995    0.8355   0.02141   0.01333  0.003982
   267/299    0.642G   0.02821   0.02039  0.006045   0.05465        11       640    0.9822    0.9866    0.9944     0.838   0.02124    0.0133  0.003976
   268/299    0.642G   0.02748   0.01976  0.005668    0.0529        24       640    0.9824     0.989    0.9952    0.8386   0.02126   0.01328  0.003968
   269/299    0.642G   0.02757    0.0203   0.00598   0.05384        12       640    0.9822    0.9868    0.9945    0.8422   0.02119   0.01326  0.003978
   270/299    0.642G   0.02774    0.0204  0.006006   0.05415        19       640    0.9805    0.9842    0.9944    0.8405   0.02122    0.0132  0.003966
   271/299    0.642G   0.02709   0.01994   0.00562   0.05265        22       640    0.9934    0.9737    0.9945    0.8422    0.0211   0.01314  0.003952
   272/299    0.642G   0.02744   0.02017  0.005531   0.05314        25       640    0.9925    0.9766    0.9944    0.8419   0.02109   0.01327  0.003953
   273/299    0.642G   0.02681   0.01915  0.005402   0.05137        37       640    0.9807    0.9868    0.9947    0.8403   0.02122   0.01327  0.003968
   274/299    0.642G   0.02728    0.0203  0.005781   0.05336        34       640    0.9778    0.9922    0.9952    0.8412   0.02121   0.01325  0.003962
   275/299    0.642G   0.02731   0.01971  0.005636   0.05266        16       640    0.9899    0.9813    0.9947    0.8428   0.02108   0.01317   0.00396
   276/299    0.642G   0.02715   0.01916  0.005628   0.05193        12       640    0.9843    0.9872    0.9945     0.843   0.02117   0.01315  0.003931
   277/299    0.642G    0.0274   0.02022  0.005676    0.0533        30       640    0.9835    0.9882    0.9939    0.8436   0.02112   0.01315  0.003925
   278/299    0.642G   0.02717    0.0196  0.005485   0.05226        23       640    0.9819    0.9888    0.9952    0.8441   0.02105   0.01324  0.003958
   279/299    0.642G    0.0276   0.01963  0.005732   0.05296        14       640     0.984    0.9894    0.9952    0.8437   0.02115   0.01316  0.003965
   280/299    0.642G   0.02795   0.01952  0.005836   0.05331        10       640     0.987    0.9841    0.9953    0.8426    0.0211   0.01313  0.003951
   281/299    0.642G   0.02751   0.02007  0.005692   0.05327         9       640    0.9839    0.9863    0.9953    0.8448   0.02101   0.01317  0.003926
   282/299    0.642G   0.02702   0.01922  0.005588   0.05183         9       640    0.9801    0.9894    0.9953    0.8436   0.02103   0.01322  0.003937
   283/299    0.642G   0.02741    0.0199  0.005851   0.05317        16       640    0.9845    0.9837     0.995    0.8404   0.02113    0.0132  0.003934
   284/299    0.642G   0.02797   0.02053  0.005876   0.05438        28       640    0.9896    0.9776    0.9952    0.8445   0.02103   0.01311  0.003912
   285/299    0.642G   0.02712   0.01944  0.005543    0.0521        14       640    0.9842    0.9833    0.9944     0.844   0.02096    0.0131   0.00391
   286/299    0.642G   0.02728    0.0199  0.005756   0.05294         8       640    0.9805    0.9841     0.995    0.8455   0.02095   0.01307  0.003915
   287/299    0.642G   0.02768   0.02004   0.00604   0.05376        34       640     0.987    0.9796    0.9948     0.844     0.021   0.01301  0.003921
   288/299    0.642G   0.02695   0.02012  0.005624   0.05269         6       640    0.9802    0.9842     0.995    0.8442   0.02104   0.01318  0.003968
   289/299    0.642G   0.02698   0.01881  0.005633   0.05142        14       640     0.982    0.9906    0.9947    0.8466   0.02098   0.01307  0.003925
   290/299    0.642G   0.02742   0.01967  0.005508    0.0526        22       640    0.9781    0.9896    0.9951    0.8452   0.02091   0.01308  0.003913
   291/299    0.642G   0.02719    0.0193  0.005615   0.05211        17       640    0.9819    0.9864    0.9949    0.8419   0.02102   0.01316  0.003929
   292/299    0.642G   0.02743   0.01973  0.005982   0.05314        19       640    0.9802    0.9874    0.9952    0.8461   0.02098   0.01307  0.003941
   293/299    0.642G   0.02782   0.01974  0.005713   0.05327        18       640    0.9814    0.9895    0.9954    0.8483   0.02093   0.01299  0.003932
   294/299    0.642G   0.02724   0.02071  0.005679   0.05363        20       640    0.9836     0.989    0.9953    0.8502   0.02082   0.01294  0.003952
   295/299    0.642G   0.02788   0.02056  0.006045   0.05449        16       640    0.9832    0.9872    0.9948    0.8472   0.02084   0.01301  0.003961
   296/299    0.642G   0.02703   0.01941  0.005509   0.05195        34       640    0.9822    0.9904    0.9952    0.8498   0.02077   0.01297  0.003941
   297/299    0.642G   0.02778   0.01956  0.005773   0.05311        16       640     0.983    0.9923    0.9952    0.8476   0.02083   0.01294  0.003914
   298/299    0.642G   0.02813   0.01929  0.006195   0.05361        10       640    0.9854    0.9887    0.9954    0.8486   0.02087   0.01301   0.00393
   299/299    0.642G   0.02706   0.01945  0.005421   0.05193         5       640    0.9844     0.989    0.9953    0.8483   0.02093     0.013   0.00392
