0 0.754925271875 0.3324983015625 0.7506793468749999 0.32315726875 0.7366678 0.32315726875 0.7252038046875 0.332073709375 0.73412024375 0.34990659062499996 0.754925271875 0.3490574046875 0.76002038125 0.3422639265625 0.754925271875 0.3324983015625
0 0.7944123640625 0.3227326765625 0.7846467390625 0.316363790625 0.77955163125 0.314240828125 0.772333559375 0.314665421875 0.768512228125 0.31551460625 0.76554008125 0.3197605296875 0.765964675 0.33037534062499996 0.770635190625 0.341839334375 0.7944123640625 0.3414147421875 0.7944123640625 0.3333474875 0.7944123640625 0.3227326765625
0 0.6712805703125 0.37198539375 0.6606657609375 0.371136209375 0.654296875 0.37665590937500004 0.651324728125 0.383024796875 0.6568444296875 0.3910920515625 0.673828125 0.3872707203125 0.672978940625 0.3813264265625 0.6712805703125 0.37198539375
0 0.2662194296875 0.384723165625 0.2640964671875 0.375806725 0.2640964671875 0.36689028437500004 0.25772758125 0.361370584375 0.2428668484375 0.36646569375000004 0.23904551562499998 0.3779296875 0.24583899531250003 0.390667459375 0.2483865484375 0.394488790625 0.2640964671875 0.39151664375 0.2662194296875 0.384723165625
0 0.489130434375 0.3851477578125 0.48106317968749995 0.3775050953125 0.475543478125 0.3753821328125 0.469599184375 0.37623131875000004 0.465777853125 0.3842985734375 0.46875 0.398310121875 0.477241846875 0.400433084375 0.48488451093749996 0.3970363453125 0.489130434375 0.3851477578125
2 0.2496603265625 0.41317085625 0.254755434375 0.4263332203125 0.2466881796875 0.439495584375 0.2288552984375 0.4441661 0.2398947015625 0.4543563171875 0.254755434375 0.45223335625 0.256878396875 0.474736753125 0.2551800265625 0.4870499328125 0.274286684375 0.4832286 0.2708899453125 0.473462975 0.2670686140625 0.45860224218749995 0.26961616875 0.4479874328125 0.289996603125 0.4441661 0.29296875 0.437372621875 0.2853260875 0.4284561828125 0.282353940625 0.41444463281250005 0.2806555703125 0.404254415625 0.278108015625 0.386846128125 0.276409646875 0.37198539375 0.2836277171875 0.35967221562499996 0.27513587031250003 0.3550016984375 0.26749320625 0.3617951765625 0.2700407609375 0.372834578125 0.26961616875 0.3775050953125 0.26537024531250003 0.3779296875 0.2611243203125 0.36689028437500004 0.2454144015625 0.3685886546875 0.24498980937499998 0.3775050953125 0.250934103125 0.389818275 0.2428668484375 0.39915930624999996 0.2398947015625 0.41274626249999996 0.2496603265625 0.41317085625
2 0.470023778125 0.4169921875 0.465777853125 0.425484034375 0.464079484375 0.431428328125 0.467476221875 0.4407693609375 0.47511888593749996 0.459026834375 0.478515625 0.470915421875 0.493376359375 0.46242357343749996 0.487007471875 0.450959578125 0.48191236406250004 0.4365234375 0.49252717500000004 0.4386464 0.502717390625 0.435249659375 0.5065387218749999 0.4284561828125 0.5014436140625 0.419964334375 0.4976222828125 0.4072265625 0.497197690625 0.3978855296875 0.4861582875 0.3940641984375 0.48403532499999996 0.388544496875 0.4806385875 0.380901834375 0.4763926625 0.374957540625 0.47129755468749995 0.375806725 0.46450407499999996 0.3821756125 0.46535326093749996 0.3910920515625 0.4691745921875 0.39915930624999996 0.458135190625 0.4076511546875 0.46450407499999996 0.41274626249999996 0.470023778125 0.4169921875
2 0.66788383125 0.41869055624999996 0.661090353125 0.4267578125 0.669157609375 0.459026834375 0.676800271875 0.4603006109375 0.67212975625 0.4462890625 0.66788383125 0.431428328125 0.6814707875 0.4271824046875 0.6823199718749999 0.4165675953125 0.6814707875 0.3978855296875 0.674677309375 0.389818275 0.6725543468749999 0.38175101875 0.6695822 0.3724099875 0.658967390625 0.37198539375 0.65599524375 0.380901834375 0.6568444296875 0.3902428671875 0.65259850625 0.408500340625 0.664911684375 0.411897078125 0.66788383125 0.41869055624999996
2 0.76723845 0.412321671875 0.7888926625 0.4169921875 0.7982336953125 0.4271824046875 0.8186141296875 0.459026834375 0.8372961953125 0.457328465625 0.858525815625 0.448412025 0.841117528125 0.4479874328125 0.8258322015624999 0.434400475 0.8109714671875 0.40085767656250004 0.79526155 0.40298063749999996 0.778277853125 0.38557235 0.785920515625 0.37410835625 0.77955163125 0.365191915625 0.7727581531250001 0.35967221562499996 0.76171875 0.35033118124999996 0.756623640625 0.34099015 0.7523777171875 0.3257048234375 0.7434612781250001 0.3227326765625 0.732421875 0.324431046875 0.725628396875 0.335895040625 0.7319972828125 0.3486328125 0.727326765625 0.3647673234375 0.74600883125 0.40892493124999996 0.76723845 0.412321671875
2 0.7846467390625 0.38939368124999996 0.8003566578125 0.39915930624999996 0.8135190218749999 0.41274626249999996 0.8322010859375 0.42930536718749995 0.841117528125 0.464971128125 0.850883153125 0.4713400140625 0.8547044843749999 0.4641219421875 0.8525815218749999 0.431428328125 0.8470618203125 0.425484034375 0.83984375 0.4169921875 0.8266813859375001 0.395337975 0.8181895390625 0.3775050953125 0.841117528125 0.383024796875 0.8491847828125 0.375806725 0.8351732343749999 0.375806725 0.8186141296875 0.367314878125 0.8101222828125 0.3541525125 0.7973845109375 0.34268851875 0.795686140625 0.331224525 0.793987771875 0.31806215937500004 0.7748811140625 0.314240828125 0.76554008125 0.31806215937500004 0.766813859375 0.33079993124999996 0.771484375 0.343962296875 0.778277853125 0.3626443625 0.785495925 0.37623131875000004 0.7846467390625 0.38939368124999996
1 0.21272078749999998 0.433551290625 0.2025305703125 0.44374150781250005 0.1961616859375 0.460725203125 0.1948879078125 0.4836531921875 0.1944633140625 0.5006368890624999 0.2093240484375 0.519318953125 0.22927989062499998 0.523564878125 0.24031929375 0.513799253125 0.2445652171875 0.5112516984375 0.2543308421875 0.5082795515625 0.266644021875 0.505731996875 0.2827785328125 0.505731996875 0.3040081515625 0.50870414375 0.30698029843749997 0.511676290625 0.31801970156250003 0.5171959921875 0.3316066578125 0.5146484375 0.33585258125 0.505731996875 0.33585258125 0.495966371875 0.3341542125 0.48195482343749996 0.3392493203125 0.4751613453125 0.3392493203125 0.464971128125 0.331182065625 0.449261209375 0.322265625 0.435249659375 0.3061311140625 0.437372621875 0.264521059375 0.4479874328125 0.270465353125 0.4832286 0.2602751359375 0.484077784375 0.24329144062500002 0.473462975 0.24031929375 0.4577530578125 0.2415930703125 0.439495584375 0.24329144062500002 0.427606996875 0.2505095109375 0.42038892656250004 0.2551800265625 0.41529381875000004 0.24498980937499998 0.41104789375 0.23947010937500002 0.405952784375 0.2398947015625 0.3970363453125 0.23522418437499998 0.38896909062499996 0.23267662968749997 0.409349525 0.22376019062500002 0.412321671875 0.2203634515625 0.41529381875000004 0.2135699734375 0.42081351875 0.21272078749999998 0.433551290625
1 0.4292629078125 0.47218919843749996 0.4275645375 0.4870499328125 0.4296875 0.4968155578125 0.439453125 0.5053074046875 0.450492528125 0.500212296875 0.45558763593749996 0.4870499328125 0.469599184375 0.486625340625 0.4878566578125 0.486625340625 0.497197690625 0.490022078125 0.502717390625 0.4955417796875 0.512483015625 0.493843409375 0.5201256796875 0.4870499328125 0.518427309375 0.4738875671875 0.512483015625 0.46199898125 0.510784646875 0.4505349859375 0.5141813859375 0.437797215625 0.516728940625 0.4284561828125 0.50611413125 0.427606996875 0.48573369531250005 0.4348250671875 0.479364809375 0.43907099218749995 0.477666440625 0.4543563171875 0.48021399374999996 0.46242357343749996 0.47257133125 0.468792459375 0.46535326093749996 0.453931725 0.46492866875 0.4420431390625 0.46238111406250004 0.428031590625 0.46153192968749995 0.41953974218749995 0.469599184375 0.41529381875000004 0.4780910328125 0.412321671875 0.4789402171875 0.410198709375 0.46323030000000004 0.409349525 0.46238111406250004 0.40467900781250005 0.467476221875 0.395337975 0.4594089671875 0.395337975 0.457710596875 0.4072265625 0.45261548906250004 0.41062330156250004 0.444123640625 0.41062330156250004 0.43520719999999996 0.41444463281250005 0.440726903125 0.4263332203125 0.4318104625 0.4441661 0.42713994531250005 0.45223335625 0.426715353125 0.4615743890625 0.4292629078125 0.47218919843749996
1 0.6368885875 0.4662449046875 0.63901155 0.4751613453125 0.6424082875 0.480256453125 0.65047554375 0.4849269703125 0.6547214671875 0.48280400781250005 0.659391984375 0.4751613453125 0.6742527171875 0.47176460625 0.67764945625 0.472613790625 0.69166100625 0.480681046875 0.69930366875 0.47303838281250005 0.700152853125 0.464971128125 0.70142663125 0.45350713281250005 0.6954823375 0.441618546875 0.69718070625 0.433551290625 0.6908118203125 0.42421025781250005 0.690387228125 0.414020040625 0.686565896875 0.41529381875000004 0.68189538125 0.431428328125 0.678498640625 0.44034476875 0.67552649375 0.4479874328125 0.6704313859375 0.4560546875 0.661090353125 0.428880775 0.6627887218749999 0.421662703125 0.6640625 0.41911515 0.6751019031250001 0.41359544843749996 0.6763756796875 0.405952784375 0.659816575 0.410198709375 0.65047554375 0.411897078125 0.631793478125 0.417841371875 0.64283288125 0.42463485 0.6351902171875 0.4322775140625 0.6360394031250001 0.44246773125 0.6360394031250001 0.4560546875 0.6368885875 0.4662449046875
1 0.733271059375 0.4713400140625 0.73836616875 0.4755859375 0.743036684375 0.5036090343749999 0.7583220109375 0.5142238453125 0.771484375 0.519743546875 0.7884680703125 0.51846976875 0.790166440625 0.5065811828125 0.8156419843749999 0.5044582203125 0.850458559375 0.500212296875 0.8665930703125 0.5053074046875 0.8772078796875 0.4955417796875 0.8767832890625 0.47176460625 0.8725373640624999 0.453931725 0.8687160328125 0.435674253125 0.8674422546875 0.4284561828125 0.8500339671875 0.411897078125 0.8402683421875 0.396611753125 0.8322010859375 0.3940641984375 0.8462126359375001 0.3872707203125 0.8542798906250001 0.38005265 0.84366508125 0.370287025 0.8372961953125 0.370287025 0.8559782609375001 0.34693444375000004 0.848760190625 0.34650985 0.8326256796875 0.369013246875 0.8258322015624999 0.372834578125 0.8063009515624999 0.3724099875 0.8156419843749999 0.39915930624999996 0.81649116875 0.41062330156250004 0.741338315625 0.41911515 0.7349694296875 0.41953974218749995 0.7400645375 0.4445906921875 0.73836616875 0.45265794843749996 0.73412024375 0.45945142656250004 0.733271059375 0.4713400140625