2 0.36328125 0.5052328623757196 0.1130022321428571 0.40188383045525894
2 0.6402064732142858 0.46232339089481944 0.0725446428571429 0.24071166928309776
2 0.7197265625 0.4476713762428048 0.05859375 0.19466248037676614
2 0.6820591517857144 0.44557823129251695 0.0474330357142857 0.16117216117216118
2 0.5013950892857143 0.5397697540554683 0.19670758928571436 0.7681841967556252
1 0.3765345982142857 0.3419675562532706 0.04464285714285715 0.07535321821036092
1 0.5369698660714286 0.2383568812140241 0.0892857142857143 0.1444270015698587
1 0.6346261160714286 0.3670852956567243 0.025111607142857206 0.046049188906331785
1 0.6764787946428572 0.3890633176347463 0.0279017857142857 0.035583464154892795
1 0.7071707589285714 0.3785975928833072 0.0279017857142857 0.03558346415489263
