1 0.49539357311320753 0.25188333678899716 0.0663325471698113 0.14513788098693753
1 0.3949734669811321 0.34587739304720433 0.04237912735849053 0.07602460432649119
1 0.5935104658018867 0.37352270371138296 0.026717275943396235 0.05390835579514827
1 0.6506301591981132 0.3666113760453383 0.03040241745283012 0.05114382472873047
1 0.7086711379716981 0.38043403137742765 0.021189563679245293 0.037321169396641124
1 0.6796506485849056 0.3783606330776142 0.020268278301886822 0.041467965996267994
2 0.47328272405660377 0.5393945676964544 0.17688679245283012 0.7173958117354342
2 0.37700840212264153 0.49930886723339557 0.09304982311320753 0.3939456769645448
2 0.59765625 0.47650148593544817 0.07186025943396224 0.27921763770820374
2 0.6547759433962264 0.4619876978367545 0.06448997641509435 0.2557191236436519
2 0.7183446344339622 0.449547308037874 0.04422169811320753 0.18660584698320545
