1 0.43182488207547176 0.14614002349851407 0.09028596698113206 0.14375561545372864
1 0.6902454304245282 0.19037252056119983 0.05251326650943389 0.09122952519178935
1 0.6561578714622641 0.16480060819683465 0.041457841981132004 0.07602460432649115
1 0.5635686910377358 0.10881885410187297 0.0350088443396227 0.0608196834611929
1 0.5589622641509433 0.07840901237127652 0.046064268867924585 0.06634874559402859
2 0.4755859375 0.44747390973806067 0.29573260613207536 0.7574815121984934
2 0.7137382075471698 0.35002418964683113 0.1603036556603774 0.4630589536249914
2 0.5741634728773584 0.22769368995784092 0.12068838443396224 0.37597622503282885
2 0.25937001422031075 0.05579169258414541 0.06299641023862376 0.11158338516829082
2 0.38023290094339623 0.11434791623470869 0.11055424528301888 0.22392701637984652
