1 0.5105639260912698 0.2880690737833595 0.059291294642857095 0.10175010175010177
1 0.5706302703373016 0.35842200127914414 0.03526475694444442 0.06337577766149195
1 0.7037450396825398 0.3624920053491482 0.028676835317460347 0.055235769521483784
1 0.7686554439484127 0.3813884528170242 0.02363901289682535 0.048840048840048854
1 0.7905505952380952 0.3845863131577417 0.02247643849206349 0.04709576138147566
1 0.8265904017857142 0.3752834467120182 0.024801587301587324 0.04128146985289845
1 0.9042891245039683 0.3720855863713007 0.022088913690476275 0.04186289900575617
2 0.5107964409722222 0.537037037037037 0.2001953125 0.6007326007326006
2 0.5867513020833333 0.5077330077330077 0.06781684027777779 0.3646723646723646
2 0.6944444444444444 0.4898249898249898 0.10091145833333326 0.3125763125763125
2 0.7793511284722222 0.48697598697598693 0.07432725694444442 0.2564102564102564
2 0.8344184027777777 0.4694749694749694 0.06184895833333337 0.22629222629222626
2 0.9095594618055556 0.4523809523809524 0.05805121527777779 0.2018722018722018
