1 0.3978585517047056 0.5014085036057693 0.10989010989010985 0.09765625000000006
1 0.6958298112144267 0.5338040865384616 0.07889546351084807 0.05727914663461542
1 0.48415046491969577 0.4854454627403846 0.027472527472527472 0.023475060096153855
2 0.7377430262045647 0.6429631159855769 0.2627500704423783 0.27559720552884615
2 0.468096419709323 0.6428091397849462 0.3710268226397259 0.37854922715053757
1 0.23401059372282393 0.2574401416366907 0.014757424829367257 0.014051258992805737
1 0.31280470129390986 0.2328504383992806 0.020554984583761548 0.017564073741007186
1 0.23058476295886368 0.28642086330935257 0.017392679263182827 0.013699977517985629
2 0.22715893219490338 0.31452338129496404 0.05165098690278546 0.07131013938848924
2 0.31096002319023897 0.24672605665467628 0.03794766384694442 0.043207621402877705
2 0.22557777953461408 0.27096447841726623 0.04427227448810185 0.0403973696043165
2 0.4971382783882784 0.514495849609375 0.08356227106227106 0.087738037109375
