1 0.50254817646122 0.4254415760869565 0.09555661729574771 0.07048233695652173
1 0.6178531613314222 0.44497282608695643 0.06752667622232839 0.04840353260869562
1 0.7162764771460424 0.4477326766304347 0.036311514572384074 0.033542798913043514
1 0.7583213887561714 0.4301120923913043 0.041407867494823995 0.035665760869565244
1 0.8449593884376493 0.4655655570652173 0.05032648510909377 0.04373301630434784
2 0.5151297977384934 0.5594004755434783 0.3010033444816054 0.33755095108695654
2 0.6640388596910335 0.5511739979619565 0.15766841853798372 0.2605935801630435
2 0.7380952380952381 0.5124299422554348 0.07803790412486071 0.15975288722826086
2 0.8838190794712533 0.5426821501358696 0.1449275362318839 0.19796620244565222
2 0.7743271221532092 0.4874851392663043 0.07405637840420448 0.15019955842391308
