0 0.8064659552845528 0.3210252935862692 0.04827235772357715 0.09146341463414633
0 0.777248475609756 0.37974254742547425 0.03810975609756101 0.08694670280036138
2 0.7972560975609755 0.6309846431797651 0.2407266260162602 0.7113821138211383
1 0.5100806451612904 0.3580495818399045 0.027301747311827936 0.045549581839904416
2 0.5140709005376345 0.4778972520908005 0.0730846774193548 0.2852449223416965
1 0.3246387768817205 0.39575866188769415 0.0252016129032258 0.043309438470728774
2 0.33366935483870974 0.5032855436081243 0.06846438172043012 0.25537634408602156
1 0.359290994623656 0.38754480286738346 0.012180779569892468 0.02389486260454003
0 0.3500504032258065 0.3901583034647551 0.007140456989247272 0.01568100358422934
2 0.3630712365591398 0.4465352449223417 0.0390625 0.13590203106332138
