0 0.7162728658536585 0.3187669376693767 0.03302845528455277 0.08242999096657631
2 0.7261178861788617 0.553635953026197 0.12639735772357716 0.5476513098464318
1 0.970337906504065 0.3261065943992773 0.02921747967479682 0.06097560975609758
2 0.9490599593495934 0.4937895212285456 0.0984502032520325 0.3963414634146341
1 0.5076219512195121 0.3249774164408311 0.020960365853658538 0.038392050587172516
2 0.5130208333333334 0.42886178861788615 0.06351626016260159 0.2529358626919603
0 0.5962271341463414 0.3148148148148148 0.011432926829268315 0.02710027100271001
2 0.5936864837398375 0.38087172538392056 0.03683943089430895 0.1546973803071364
0 0.3945630081300813 0.33796296296296297 0.017149390243902475 0.03274616079494129
2 0.3977388211382114 0.4260388437217706 0.06669207317073168 0.20889792231255644
