1 0.4006995133819951 0.3955798864557989 0.02585158150851582 0.046634225466342244
2 0.4105839416058394 0.5385239253852393 0.0707116788321168 0.33117058664503923
0 0.641240763546798 0.38838715562853493 0.007953612479474615 0.020525451559934363
0 0.6359811165845649 0.37789636927567954 0.006670771756978648 0.01322751322751322
2 0.6472701149425287 0.44905126801678524 0.044129720853858835 0.15097609925196137
0 0.851241789819376 0.39477285166940335 0.013854679802955634 0.02782338989235545
0 0.8284072249589491 0.3927203065134099 0.013854679802955634 0.025542784163473786
2 0.8659944581280787 0.48052362707535123 0.11160714285714282 0.20114942528735627
0 0.6044232348111658 0.3845101258894362 0.006157635467980308 0.01550811895639478
2 0.6064757799671592 0.42624521072796934 0.024630541871921114 0.09715380405035583
