0 0.3177083333333333 0.4085365853658537 0.02985264227642279 0.07452574525745265
2 0.31929623983739835 0.6580849141824751 0.14354674796747968 0.5600722673893405
1 0.5053988821138212 0.34756097560975613 0.02921747967479676 0.04516711833785007
2 0.5107977642276422 0.4853206865401987 0.07558434959349587 0.3229448961156278
0 0.5863155241935485 0.3434886499402629 0.008400537634408659 0.019414575866188746
0 0.6087869623655915 0.342368578255675 0.007980510752688137 0.015681003584229393
0 0.6906922043010754 0.342368578255675 0.00966061827956987 0.017174432497013156
0 0.7079133064516129 0.3375149342891278 0.010500672043010676 0.017921146953405034
2 0.5903057795698925 0.39613201911589013 0.055863575268817196 0.12619474313022702
2 0.6762012768817205 0.3897849462365592 0.07476478494623666 0.12395459976105139
