1 0.2573939732142857 0.3239087301587302 0.058128720238095254 0.07275132275132273
2 0.30226934523809523 0.47395833333333337 0.1646205357142857 0.37946428571428575
0 0.3229631696428571 0.6393022486772487 0.3008742559523809 0.3695436507936508
1 0.6482963875205255 0.2693395365809159 0.021551724137931078 0.03329684364167123
1 0.6735683497536945 0.2716201423097975 0.02591338259441708 0.04424375114030284
2 0.6739532019704434 0.34665207079000177 0.0815886699507389 0.19065863893450097
2 0.6870381773399016 0.3051450465243568 0.050287356321839026 0.10673234811165848
0 0.6812653940886699 0.4515599343185549 0.10596264367816097 0.17332603539500088
1 0.7650348932676518 0.24744572158365258 0.012828407224958956 0.01870096697682905
2 0.7714490968801314 0.27572523262178433 0.029761904761904743 0.07252326217843459
0 0.7836360837438422 0.32088122605363983 0.028992200328407235 0.05519065863893449
