2 0.181984681984682 0.33021129261363635 0.03496503496503498 0.06991299715909088
2 0.29603729603729606 0.32410777698863635 0.056610056610056636 0.06880326704545453
2 0.2660672660672661 0.36405806107954547 0.043290043290043316 0.08433948863636365
2 0.3026973026973027 0.420654296875 0.06660006660006662 0.0732421875
2 0.3301698301698302 0.4916770241477273 0.0815850815850816 0.12650923295454547
2 0.6065601065601066 0.6081986860795454 0.1115551115551117 0.17977627840909094
2 0.4858474858474859 0.6664595170454546 0.36297036297036306 0.34290660511363635
1 0.17449217449217452 0.30579723011363635 0.023310023310023305 0.018865411931818177
1 0.2935397935397936 0.30135830965909094 0.028305028305028297 0.014426491477272763
1 0.2768897768897769 0.3285466974431818 0.0216450216450217 0.01553622159090906
1 0.30602730602730605 0.39291104403409094 0.026640026640026647 0.017755681818181823
1 0.3018648018648019 0.4373002485795454 0.028305028305028297 0.017755681818181823
1 0.32850482850482854 0.4550559303977273 0.02830502830502838 0.01997514204545453
1 0.47086247086247085 0.4811345880681818 0.03663003663003663 0.025523792613636354
1 0.5882450882450883 0.5321821732954546 0.031635031635031514 0.023304332386363646
1 0.4650349650349651 0.5310724431818181 0.10822510822510824 0.07435191761363635
