2 0.1121651785714286 0.1535845107273679 0.09347098214285714 0.2804814233385661
1 0.11146763392857145 0.04369440083725804 0.033482142857142835 0.056514913657770775
2 0.3611886160714286 0.37964416535845114 0.08091517857142855 0.30559916274201987
1 0.373046875 0.2624280481423339 0.04324776785714285 0.07116692830978542
2 0.6625279017857143 0.5554683411826269 0.2120535714285714 0.5442176870748301
1 0.5941685267857144 0.33150183150183155 0.044642857142857095 0.087912087912088
1 0.626953125 0.36813186813186816 0.0627790178571429 0.11093668236525372
2 0.4783761160714286 0.5879120879120879 0.3152901785714286 0.7598116169544739
1 0.44419642857142855 0.2414965986394558 0.087890625 0.06698063840920986
1 0.4462890625 0.3252223966509681 0.09207589285714285 0.14652014652014653
