2 0.9206194196428572 0.42778649921507067 0.08091517857142849 0.2679225536368394
2 0.7064732142857143 0.46860282574568296 0.1381138392857142 0.32862375719518566
2 0.7720424107142857 0.3963893249607535 0.0320870535714286 0.08372579801151225
2 0.6025390625 0.4863945578231292 0.10044642857142849 0.4521193092621663
2 0.5125558035714286 0.5387231815803245 0.24414062500000006 0.6823652537938251
1 0.7657645089285714 0.3723181580324438 0.013950892857142905 0.02302459445316581
1 0.9150390625 0.32626896912611203 0.0362723214285714 0.05232862375719512
1 0.7273995535714286 0.3419675562532706 0.029296875 0.05442176870748294
1 0.6960100446428572 0.3419675562532706 0.0418526785714286 0.07116692830978559
1 0.5983537946428572 0.2969649398220827 0.0502232142857143 0.08581894296180008
1 0.5355747767857143 0.26033490319204605 0.07254464285714296 0.12140240711669271
