2 0.3479352678571429 0.4581371009942439 0.05440848214285715 0.38304552590266877
2 0.3828125 0.4508110936682366 0.1046316964285714 0.49398220826792244
2 0.6297433035714286 0.48325484039769767 0.1325334821428572 0.6007326007326008
2 0.7350725446428572 0.4654631083202512 0.13671875 0.5316588173731029
2 0.5132533482142857 0.5439560439560439 0.28459821428571436 0.7807430664573519
1 0.34933035714285715 0.29382522239665093 0.0404575892857143 0.05442176870748294
1 0.4128069196428571 0.26138147566719 0.04464285714285715 0.06488749345892193
1 0.3946707589285714 0.2331240188383046 0.027901785714285754 0.05442176870748294
1 0.5118582589285714 0.2237048665620095 0.08370535714285715 0.13605442176870744
1 0.6095145089285714 0.24672946101517534 0.0725446428571429 0.1276818419675562
1 0.7190290178571429 0.26138147566719 0.0627790178571428 0.0983778126635269
1 0.7315848214285714 0.20486656200941922 0.043247767857142905 0.04814233385661962
