2 0.40176490176490176 0.23643909801136365 0.03829503829503828 0.07102272727272729
2 0.2752247752247753 0.23255504261363638 0.044955044955045 0.03884055397727276
2 0.191974691974692 0.25752397017045453 0.04495504495504496 0.03329190340909091
2 0.17532467532467536 0.3063520951704546 0.054945054945054944 0.07102272727272724
2 0.40176490176490176 0.5266335227272727 0.1015651015651016 0.12539950284090912
2 0.7331002331002331 0.6348322088068182 0.24475524475524468 0.2663352272727273
2 0.5258075258075259 0.640380859375 0.34632034632034636 0.3528941761363637
1 0.27855477855477856 0.225341796875 0.021645021645021658 0.017755681818181823
1 0.1944721944721945 0.25253018465909094 0.023310023310023305 0.014426491477272763
1 0.17948717948717952 0.27860884232954547 0.026640026640026605 0.01553622159090906
1 0.6515151515151516 0.5543767755681819 0.03829503829503828 0.032182173295454475
1 0.6973026973026974 0.5294078480113636 0.07659007659007656 0.05770596590909083
1 0.40259740259740256 0.4772505326704546 0.03330003330003333 0.022194602272727237
1 0.4741924741924742 0.5099875710227273 0.11988011988011979 0.08101029829545459
