2 0.4686104910714286 0.5387231815803245 0.1813616071428572 0.5902668759811618
2 0.5774274553571428 0.5345368916797488 0.1060267857142857 0.5065410779696492
2 0.6346261160714286 0.5240711669283098 0.0558035714285714 0.4102564102564101
2 0.7385602678571429 0.5240711669283097 0.1827566964285714 0.5860805860805859
1 0.6283482142857144 0.3838304552590267 0.0376674107142857 0.09628466771323924
1 0.7127511160714286 0.28859236002093147 0.05859375 0.10256410256410256
1 0.7455357142857144 0.33778126635269495 0.0571986607142857 0.11721611721611713
1 0.5906808035714286 0.32522239665096814 0.0460379464285714 0.07116692830978551
1 0.5613839285714286 0.3513867085295657 0.0516183035714286 0.0983778126635269
1 0.46930803571428575 0.2948717948717949 0.0627790178571429 0.11512297226582939
