1 0.3920827672101449 0.20271274619100704 0.06227355072463764 0.11891490152359717
1 0.49080049818840576 0.2223549397462441 0.0827955163043479 0.1390879651749217
1 0.7887228260869565 0.18572490311620746 0.06439651268115931 0.11466794075489725
1 0.6563915307971014 0.1836014227318575 0.04458220108695654 0.07856877422094814
1 0.5785495923913043 0.2563306258958433 0.03609035326086962 0.06264267133832349
1 0.683990036231884 0.2011201359027446 0.01627604166666674 0.0626426713383235
2 0.47134001358695654 0.5339756861495992 0.21512681159420294 0.7644529383659818
2 0.7763388813405796 0.435764718373414 0.16983695652173914 0.6189945320380102
2 0.36589956974637683 0.4426660296225513 0.1500226449275362 0.5945745076179858
2 0.6503764719202898 0.3678133460742156 0.10614809782608692 0.4469926209056644
2 0.580672554347826 0.3741837872272655 0.05731997282608692 0.2962255136168179
