1 0.4531772575250837 0.5587635869565217 0.07326007326007326 0.060292119565217406
2 0.5203854116897595 0.6559952445652173 0.2815734989648032 0.2556046195652173
1 0.6876094919573181 0.5515455163043477 0.05414874980092372 0.045006793478260865
2 0.7114986462812549 0.6247877038043477 0.15034241121197647 0.19149116847826086
1 0.2407230450708712 0.37661345108695643 0.01911132345914954 0.020380434782608703
2 0.23849339066730374 0.4150390625 0.06561554387641345 0.09893002717391303
1 0.28833071690214546 0.2279227120535714 0.014652014652014652 0.014299665178571425
2 0.28231292517006795 0.2509416852678571 0.04447933019361591 0.06173270089285715
1 0.608320251177394 0.17456054687499997 0.012035583464154821 0.01220703125
2 0.6025641025641025 0.1974051339285714 0.04238618524332812 0.05929129464285712
1 0.47697540554683404 0.5020577566964286 0.02878074306645739 0.026157924107142905
2 0.4816849816849817 0.5289132254464285 0.06855049712192568 0.07847377232142855
1 0.38461538461538464 0.2061244419642857 0.0167451596023024 0.012555803571428575
2 0.3767660910518053 0.22251674107142855 0.037676609105180586 0.046037946428571425
1 0.4481946624803767 0.1926967075892857 0.018315018315018316 0.014299665178571425
2 0.44348508634222916 0.19932338169642855 0.03819989534275246 0.028250558035714274
