0 0.5523897058823529 0.17166979362101312 0.060661764705882394 0.12139940403928923
2 0.5096507352941175 0.553112239267189 0.39246323529411764 0.8870433726961703
0 0.8947610294117646 0.12269617040061802 0.03033088235294116 0.06207924070190924
1 0.8621323529411763 0.11579847698929475 0.0367647058823529 0.06483831806643858
2 0.9016544117647058 0.30617481514181655 0.12867647058823536 0.43455468491336496
2 0.8556985294117646 0.23788765036971635 0.08272058823529406 0.3117757421918111
1 0.39522058823529405 0.1571846374572343 0.05698529411764703 0.08967001434720227
0 0.18428308823529407 0.20064010594857076 0.041360294117647065 0.05794062465511532
1 0.2959558823529412 0.2068480300187617 0.036764705882352935 0.034488467056616255
2 0.17371323529411764 0.36342567045579954 0.1893382352941176 0.38902990839863155
2 0.314797794117647 0.28617150424897914 0.08731617647058826 0.18485818342346322
2 0.3965992647058823 0.3689438251848582 0.208639705882353 0.5104293124379208
1 0.2211734693877551 0.24231343569322666 0.013775510204081628 0.02373932687521542
