0 0.2778552827380952 0.40244708994709 0.0246465773809524 0.05787037037037037
0 0.31156994047619047 0.3904596560846561 0.026971726190476157 0.0454695767195767
0 0.2718098958333333 0.4809854497354498 0.021856398809523784 0.039682539682539764
2 0.2848307291666667 0.5954861111111112 0.16322544642857145 0.4588293650793651
1 0.531063988095238 0.34168320105820105 0.03999255952380955 0.05704365079365077
1 0.6126767113095238 0.35408399470899476 0.020926339285714236 0.0454695767195767
2 0.5364118303571428 0.5384424603174603 0.11021205357142853 0.4571759259259259
2 0.6175595238095237 0.4954530423280424 0.08649553571428564 0.32490079365079366
0 0.4759579613095238 0.35573743386243384 0.012555803571428588 0.02397486772486775
2 0.4692150297619047 0.44543650793650796 0.0492931547619048 0.20502645502645506
