0 0.6720933133732535 0.33837879795963627 0.023702594810379195 0.042692392991794226
1 0.7375873253493014 0.339764914615214 0.011227544910179669 0.01663339986693281
2 0.7380551397205588 0.38800177422931914 0.03773702594810378 0.10867154579729431
2 0.6728730039920161 0.4947327567088046 0.10634980039920154 0.35207363051674434
1 0.5117889221556886 0.357507207806609 0.020583832335329313 0.03881126635617657
2 0.5149076846307385 0.46035706365047685 0.061127744510978015 0.24672876469283653
1 0.36177644710578843 0.36915058771346193 0.01871257485029941 0.033266799733865565
2 0.36957335329341323 0.4525948103792416 0.048652694610778424 0.19904635174096255
1 0.3875062375249501 0.3658239077400754 0.009668163672654728 0.01663339986693281
2 0.4130800898203593 0.3918829008649368 0.02089570858283434 0.07207806609004214
