0 0.11365204194260485 0.45676968359087566 0.01345198675496689 0.028207014961981837
2 0.12727649006622516 0.5367917586460633 0.10278697571743928 0.18825116507235704
0 0.34233581677704195 0.3887049300956586 0.00517384105960268 0.012263919548687729
2 0.34509519867549665 0.42488349276428744 0.025179359823399552 0.08339465293107677
1 0.3804497792494481 0.3831861662987491 0.017935982339955872 0.0343389747363257
2 0.3892453090507726 0.47915133676723076 0.052773178807947 0.22504292371842038
1 0.5047944260485652 0.3522197694383125 0.023109823399558492 0.03985773853323525
2 0.5101407284768212 0.46075545744419916 0.06208609271523174 0.25447633063527103
0 0.41183774834437087 0.3752146185921021 0.0103476821192053 0.018395879323031643
2 0.41752897350993373 0.4227373068432671 0.02931843267108167 0.11344125582536167
