0 0.27928099593495936 0.34191508581752483 0.02794715447154473 0.05420054200542002
2 0.28023373983739835 0.49887082204155375 0.12258638211382114 0.3568202348690153
0 0.658790650406504 0.3136856368563686 0.022230691056910484 0.06097560975609758
2 0.6594258130081301 0.4678184281842819 0.11115345528455288 0.3669828364950316
0 0.7861922141119221 0.29927007299270075 0.01292579075425794 0.029737766964044315
2 0.7700349756690997 0.3790213571235469 0.0710918491484185 0.1892403352257367
0 0.5200729927007298 0.3019735063530684 0.012165450121654509 0.016220600162205986
1 0.4506919099756691 0.30670451473371185 0.02395072992700727 0.043254933765882644
2 0.4558242092457421 0.4293728034603947 0.06919099756690994 0.2845363611786969
0 0.5453543187347931 0.2969045688023791 0.01178527980535288 0.02230332522303329
2 0.5170316301703162 0.3553663152203298 0.08591849148418493 0.13652338469856717
