1 0.5936359489051095 0.36009732360097324 0.017107664233576615 0.03244120032441197
0 0.507147201946472 0.3736144904028116 0.02509124087591239 0.041903217085698816
0 0.31877281021897813 0.44187618275209517 0.012545620437956194 0.024330900243309004
0 0.1855231143552311 0.44525547445255476 0.01292579075425791 0.03379291700459585
0 0.20092001216545008 0.4550554203838875 0.013305961070559598 0.030413625304136258
2 0.20605231143552308 0.524668829413355 0.06690997566909977 0.18991619356582862
2 0.329037408759124 0.49966207082995395 0.04904197080291966 0.18856447688564473
1 0.3199133211678832 0.419234928359016 0.014826642335766374 0.02635847526358472
2 0.5056265206812651 0.5533928088672615 0.09276155717761558 0.40145985401459855
2 0.5926855231143551 0.45100027034333606 0.05854622871046224 0.21559881048932145
