1 0.5762537425149701 0.2095808383233533 0.032747005988024026 0.05988023952095808
1 0.6146145209580839 0.18712574850299402 0.031811377245508955 0.05322687957418495
2 0.6464258982035929 0.30854956753160345 0.09169161676646703 0.29441117764471064
2 0.6218656437125749 0.3089654025282768 0.12958458083832333 0.26363938789088487
0 0.6410460329341318 0.4204091816367266 0.16981661676646703 0.26862940785096473
1 0.2314745508982036 0.2827677977378576 0.02245508982035931 0.06154357950765134
1 0.43123128742514977 0.2985695276114438 0.02151946107784433 0.03659347970725217
2 0.23381362275449102 0.35262807717897543 0.06175149700598803 0.2295409181636727
2 0.43801459580838326 0.3588656021290752 0.03976422155688617 0.1621756487025948
0 0.24190283400809723 0.42060278902384163 0.1385374493927126 0.22604588394062072
0 0.4282009109311742 0.41722896986054875 0.0872975708502024 0.16194331983805668
