1 0.7426120923913043 0.20939009661835747 0.03481657608695654 0.04755434782608698
1 0.7799762228260869 0.19429347826086954 0.0288722826086957 0.049064009661835745
1 0.6625764266304348 0.2886473429951691 0.022503396739130467 0.035477053140096616
1 0.2526324728260869 0.2829861111111111 0.02717391304347827 0.05887681159420291
1 0.4774541440217391 0.30072463768115937 0.02335258152173916 0.04453502415458937
2 0.26091202445652173 0.35960144927536225 0.06411345108695654 0.23475241545893713
2 0.4823369565217391 0.36299818840579706 0.048403532608695614 0.1705917874396135
2 0.6674592391304348 0.3509208937198067 0.029721467391304303 0.1570048309178744
2 0.7920771059782608 0.30600845410628014 0.13289741847826084 0.2423007246376811
2 0.8101222826086958 0.30940519323671495 0.08916440217391308 0.2792874396135266
0 0.2668563179347826 0.42225241545893716 0.1447860054347826 0.23928140096618353
0 0.4734205163043479 0.4116847826086956 0.09341032608695654 0.19550120772946855
0 0.6666100543478262 0.40300422705314004 0.06963315217391308 0.14039855072463764
0 0.8052394701086958 0.3811141304347826 0.14393682065217392 0.3079710144927536
