     0/299    0.526G    0.1122   0.04772   0.03943    0.1994        29       640  0.009847   0.08515  0.005481 0.0008156   0.09071   0.04862    0.0357
     1/299     0.52G   0.08529   0.05491   0.03434    0.1745        30       640    0.4786     0.219    0.1203   0.02079   0.07286   0.04519   0.03026
     2/299     0.52G   0.08286   0.04454   0.03055    0.1579        16       640    0.1745    0.4709    0.1754   0.03081   0.08887   0.03279   0.02695
     3/299     0.52G   0.08631   0.03992   0.02689    0.1531        22       640    0.2828    0.5382    0.3513   0.08599   0.07496   0.03067   0.02025
     4/299     0.52G   0.07669   0.03843   0.02208    0.1372        13       640    0.2444    0.4635    0.2584   0.05333   0.08019   0.02813   0.01563
     5/299     0.52G   0.07036   0.03538   0.01891    0.1246        13       640    0.4873    0.6811    0.5386    0.1724   0.05939   0.02669   0.01278
     6/299     0.52G   0.06572   0.03564   0.01706    0.1184        10       640     0.503    0.7438    0.6394    0.2023   0.06233   0.02648   0.01177
     7/299     0.52G   0.05968   0.03409   0.01491    0.1087        19       640    0.6179    0.7666    0.7204    0.2932   0.05156   0.02505   0.01001
     8/299     0.52G   0.05564   0.03248   0.01323    0.1013        11       640    0.8209      0.82    0.8741    0.3688   0.04786    0.0245  0.008995
     9/299     0.52G   0.05132   0.03207   0.01242   0.09582         9       640    0.7825    0.8309    0.8603    0.3682   0.04484   0.02349  0.008291
    10/299     0.52G   0.05298   0.03193   0.01195   0.09686         8       640    0.8348    0.8441    0.9117    0.3629   0.04895   0.02245  0.007956
    11/299     0.52G   0.05018   0.02961   0.01122     0.091        34       640    0.8715    0.8915    0.9363    0.4385   0.04229   0.02243  0.007726
    12/299     0.52G   0.04939   0.02981   0.01032   0.08952        12       640    0.8447    0.9098    0.9417    0.4853   0.04098   0.02193  0.007388
    13/299     0.52G   0.04557   0.02806  0.009879   0.08351        28       640    0.8419    0.9124    0.9342    0.4863   0.04309   0.02095  0.007004
    14/299     0.52G   0.04614   0.02974   0.01042    0.0863        13       640    0.8722    0.9112    0.9309     0.464    0.0426   0.02107  0.006967
    15/299     0.52G   0.04518    0.0283  0.009762   0.08325        18       640    0.9378    0.9284    0.9724    0.5785   0.03616   0.02031  0.006593
    16/299     0.52G   0.04569   0.02846  0.009936   0.08409        12       640    0.9078    0.9395    0.9653     0.533   0.03813   0.02019  0.006441
    17/299     0.52G   0.04642    0.0274  0.009352   0.08317        24       640    0.9129    0.9003    0.9544    0.5483   0.03762   0.02008  0.006479
    18/299     0.52G   0.04521    0.0275  0.009505   0.08222        39       640    0.9318    0.9477    0.9741     0.503    0.0386    0.0195  0.006157
    19/299     0.52G   0.04446   0.02778  0.009294   0.08153        13       640    0.8533    0.9344    0.9577    0.5431   0.03792   0.01975  0.006271
    20/299     0.52G   0.04188   0.02692  0.008886   0.07768        23       640    0.9601    0.9486    0.9827    0.5941   0.03353   0.01926  0.006001
    21/299     0.52G   0.04119   0.02718   0.00857   0.07694         9       640    0.9479    0.9508    0.9802    0.6074   0.03586   0.01898  0.005879
    22/299     0.52G   0.04161   0.02728  0.008482   0.07737        31       640    0.9301    0.9626    0.9781    0.6278   0.03328   0.01882   0.00576
    23/299     0.52G   0.04089   0.02584  0.008703   0.07544        20       640     0.938    0.9235    0.9778    0.6381   0.03229   0.01857   0.00572
    24/299     0.52G   0.04119   0.02537   0.00842   0.07499         7       640    0.9601    0.9437    0.9851    0.6254   0.03392   0.01873  0.005745
    25/299     0.52G   0.04135   0.02735   0.00861   0.07732        10       640     0.901    0.9503    0.9717    0.6167   0.03452   0.01884  0.005605
    26/299     0.52G   0.04001   0.02657  0.008228   0.07481        23       640    0.9244     0.956    0.9726    0.6247   0.03363   0.01831  0.005584
    27/299     0.52G   0.03873   0.02559  0.008277   0.07259        27       640    0.9473    0.9691    0.9842    0.6522   0.03207   0.01817    0.0056
    28/299     0.52G   0.03856   0.02582  0.007671   0.07205        31       640    0.9413    0.9609    0.9835    0.6123   0.03258   0.01829  0.005501
    29/299     0.52G   0.03905   0.02591  0.007821   0.07278        14       640    0.9626    0.9687    0.9881    0.6673   0.03099   0.01795  0.005466
    30/299     0.52G   0.03923   0.02506  0.007708     0.072        27       640    0.9224    0.9653    0.9807    0.6612   0.03213    0.0184  0.005501
    31/299     0.52G   0.03916   0.02486  0.007593   0.07161        28       640    0.9708    0.9637    0.9881    0.6014   0.03384   0.01807  0.005381
    32/299     0.52G   0.03854     0.025  0.007512   0.07106        13       640    0.9712    0.9688    0.9895    0.6908   0.03007   0.01751  0.005194
    33/299     0.52G   0.03779   0.02571  0.007947   0.07145        21       640    0.9702    0.9632    0.9865    0.6701   0.03102   0.01764  0.005232
    34/299     0.52G   0.03904   0.02542  0.007569   0.07203        20       640    0.9486    0.9792    0.9883    0.6699   0.03137   0.01766  0.005282
    35/299     0.52G   0.03614    0.0236   0.00759   0.06733        14       640    0.9648    0.9776    0.9891     0.672   0.03016   0.01747  0.005284
    36/299     0.52G   0.03681   0.02479  0.007623   0.06922        32       640     0.939    0.9867    0.9878    0.6392   0.03151   0.01746  0.005236
    37/299     0.52G   0.03601   0.02329  0.007588   0.06689         7       640    0.9635    0.9767    0.9882    0.6923    0.0294    0.0172  0.005072
    38/299     0.52G    0.0379   0.02401  0.007432   0.06934        14       640    0.9589    0.9738    0.9882    0.6974   0.03028   0.01711  0.005121
    39/299     0.52G   0.03514   0.02301  0.007184   0.06533         8       640    0.9563    0.9691     0.989    0.7185   0.02819   0.01694  0.005155
    40/299     0.52G   0.03588   0.02393  0.007789    0.0676        18       640    0.9566    0.9729    0.9863    0.6913   0.02981    0.0171  0.005066
    41/299     0.52G   0.03573   0.02387  0.007265   0.06687        19       640    0.9675    0.9821    0.9893    0.7096   0.02808   0.01689  0.005018
    42/299     0.52G   0.03498   0.02301  0.007448   0.06544        10       640    0.9657    0.9854    0.9911    0.7279    0.0283   0.01674  0.005115
    43/299     0.52G   0.03687   0.02413   0.00741   0.06841        24       640    0.9638    0.9719    0.9876    0.6733   0.03067   0.01698  0.004948
    44/299     0.52G   0.03597   0.02323  0.007499   0.06669        32       640    0.9585    0.9744    0.9872    0.7346    0.0277   0.01678  0.005038
    45/299     0.52G   0.03396   0.02291  0.006952   0.06382        22       640    0.9657    0.9831    0.9909    0.7241   0.02759   0.01653    0.0049
    46/299     0.52G   0.03403   0.02341  0.007168   0.06461        25       640    0.9711    0.9811    0.9919    0.7059   0.02966   0.01639  0.004926
    47/299     0.52G    0.0346   0.02265  0.007247    0.0645        23       640    0.9612    0.9706    0.9894    0.6892   0.02924   0.01659   0.00481
    48/299     0.52G   0.03543   0.02317  0.007034   0.06563        26       640    0.9759    0.9782    0.9922    0.7327   0.02751   0.01632  0.004864
    49/299     0.52G   0.03538   0.02266  0.006995   0.06503        12       640    0.9766    0.9815    0.9921    0.7391   0.02785   0.01616  0.004785
    50/299     0.52G   0.03491    0.0223  0.006986    0.0642        17       640    0.9654    0.9852    0.9916    0.7183   0.02812   0.01661  0.004878
    51/299     0.52G     0.034   0.02306  0.006977   0.06404        11       640    0.9687    0.9764    0.9907    0.7218   0.02786   0.01615  0.004855
    52/299     0.52G    0.0342   0.02268  0.007429   0.06431        27       640    0.9745    0.9879    0.9925    0.7513   0.02699   0.01596  0.004862
    53/299     0.52G   0.03248   0.02113  0.006766   0.06037        14       640    0.9728    0.9843    0.9912    0.7301   0.02701    0.0161  0.004785
    54/299     0.52G    0.0335   0.02278  0.007022    0.0633         3       640    0.9751    0.9804    0.9916    0.7433   0.02705   0.01615  0.004881
    55/299     0.52G   0.03321   0.02269  0.007126   0.06303        13       640    0.9704    0.9839    0.9924    0.7429   0.02642   0.01577  0.004773
    56/299     0.52G   0.03332   0.02214  0.007008   0.06246        28       640    0.9796    0.9834    0.9932    0.7453   0.02636   0.01566  0.004655
    57/299     0.52G   0.03193   0.02279  0.006666   0.06138        15       640    0.9826    0.9783    0.9933    0.7396   0.02689   0.01584  0.004734
    58/299     0.52G   0.03376   0.02177  0.006841   0.06237        13       640    0.9782    0.9817    0.9926    0.7328   0.02661   0.01576  0.004857
    59/299     0.52G   0.03496   0.02304   0.00684   0.06483        20       640    0.9798    0.9817    0.9904    0.7369   0.02735   0.01573  0.004756
    60/299     0.52G    0.0333   0.02315  0.006958   0.06341        36       640    0.9771    0.9855    0.9922    0.7463   0.02608   0.01555  0.004653
    61/299     0.52G   0.03233   0.02149  0.006661   0.06048         7       640    0.9797    0.9859    0.9922    0.7447   0.02586   0.01568   0.00481
    62/299     0.52G   0.03166   0.02202     0.007   0.06068        31       640    0.9784     0.987    0.9936    0.7558   0.02609   0.01531  0.004628
    63/299     0.52G   0.03278   0.02128  0.006818   0.06087        23       640    0.9873    0.9815    0.9911    0.7506   0.02614   0.01569  0.004562
    64/299     0.52G   0.03409   0.02222  0.006769   0.06308         8       640     0.984    0.9803    0.9926     0.726   0.02744   0.01594   0.00477
    65/299     0.52G   0.03288    0.0225  0.006533   0.06191         7       640    0.9717    0.9793    0.9919    0.7613   0.02516   0.01522  0.004647
    66/299     0.52G   0.03124   0.02154  0.006633    0.0594        19       640    0.9671    0.9879    0.9931    0.7733   0.02489   0.01498  0.004554
    67/299     0.52G   0.03144   0.02185  0.006709   0.05999        10       640    0.9738    0.9864    0.9939    0.7719    0.0257   0.01494  0.004637
    68/299     0.52G   0.03125    0.0226  0.006532   0.06038        17       640    0.9776     0.988    0.9939    0.7623    0.0253   0.01509  0.004612
    69/299     0.52G   0.03252   0.02105  0.006878   0.06044        24       640    0.9783    0.9824    0.9935    0.7645   0.02585   0.01518  0.004546
    70/299     0.52G   0.03341   0.02227  0.006769   0.06245        20       640    0.9772    0.9868    0.9925    0.7765    0.0253   0.01497   0.00458
    71/299     0.52G   0.03237   0.02175  0.006722   0.06083        16       640    0.9767    0.9812    0.9934     0.768   0.02583   0.01487  0.004579
    72/299     0.52G   0.03051   0.02144   0.00649   0.05843        27       640    0.9767    0.9851    0.9925    0.7836   0.02478   0.01481  0.004577
    73/299     0.52G   0.03031   0.02092  0.006553   0.05778         9       640    0.9896    0.9744    0.9942     0.774   0.02444   0.01479  0.004442
    74/299     0.52G   0.03218    0.0214  0.006342   0.05992        14       640    0.9869    0.9796    0.9927    0.7686   0.02526   0.01477   0.00455
    75/299     0.52G   0.03116   0.02158  0.006482   0.05922        18       640    0.9752    0.9867    0.9935    0.7664   0.02499    0.0149  0.004565
    76/299     0.52G   0.03183   0.02134  0.006534   0.05971        14       640    0.9823    0.9819     0.993    0.7628   0.02527   0.01493  0.004519
    77/299     0.52G   0.03176   0.02108  0.006583   0.05942        22       640    0.9832     0.991    0.9943    0.7704   0.02571     0.015  0.004492
    78/299     0.52G   0.03043   0.02209  0.006191   0.05871        28       640    0.9855    0.9885    0.9946    0.7877   0.02401   0.01481  0.004445
    79/299     0.52G   0.03044   0.02097  0.006617   0.05803         8       640    0.9776    0.9853    0.9944    0.7742   0.02497   0.01466  0.004472
    80/299     0.52G   0.03145    0.0213  0.006361   0.05912        23       640     0.985     0.989    0.9946    0.7862   0.02412   0.01459  0.004549
    81/299     0.52G   0.03019   0.02168  0.006485   0.05835        37       640     0.982    0.9916    0.9946    0.7928   0.02407   0.01465  0.004533
    82/299     0.52G   0.03006   0.02069  0.006199   0.05696        11       640    0.9852    0.9886    0.9944    0.7889   0.02393   0.01457  0.004448
    83/299     0.52G    0.0303   0.02072  0.006415   0.05743        15       640     0.984    0.9895    0.9942     0.792   0.02353   0.01434  0.004408
    84/299     0.52G   0.02947   0.02156  0.006004   0.05703        12       640     0.987    0.9922    0.9946    0.7889   0.02387   0.01438  0.004472
    85/299     0.52G   0.03106   0.02082  0.006241   0.05812        28       640    0.9822     0.991    0.9948    0.7954     0.024    0.0144  0.004454
    86/299     0.52G   0.03163   0.02178  0.006433   0.05984        16       640    0.9888    0.9872    0.9947    0.7987   0.02386   0.01491  0.004503
    87/299     0.52G   0.03012   0.02077  0.006242   0.05713        21       640    0.9779    0.9952    0.9945    0.7832   0.02439   0.01427  0.004351
    88/299     0.52G   0.03044   0.02061  0.006164   0.05721        13       640    0.9799    0.9909    0.9941    0.7909   0.02349   0.01445  0.004394
    89/299     0.52G   0.02951   0.02002  0.006212   0.05575         6       640    0.9839    0.9895    0.9948    0.7962   0.02373   0.01432  0.004344
    90/299     0.52G   0.03012   0.02085  0.006384   0.05735        13       640    0.9835    0.9884    0.9946    0.8028   0.02338   0.01429  0.004396
    91/299     0.52G   0.02991   0.02084  0.006265   0.05701        12       640    0.9828    0.9866    0.9941    0.7975   0.02323   0.01416  0.004342
    92/299     0.52G   0.02968   0.02007  0.006663   0.05641        23       640    0.9849    0.9897    0.9946    0.7959   0.02313   0.01413  0.004302
    93/299     0.52G    0.0289   0.02048  0.006174   0.05555        18       640    0.9807    0.9946    0.9935    0.8055   0.02334   0.01444  0.004295
    94/299     0.52G   0.02897   0.01995  0.005952   0.05487        10       640    0.9792    0.9932    0.9943    0.8128   0.02283   0.01393  0.004274
    95/299     0.52G   0.02956   0.01997  0.005982   0.05552         8       640    0.9812    0.9906    0.9945    0.7799   0.02377   0.01422  0.004346
    96/299     0.52G   0.03083   0.02075  0.006436   0.05802        35       640    0.9895    0.9902     0.995    0.8078   0.02302   0.01399   0.00431
    97/299     0.52G   0.02989   0.01976  0.006009   0.05565        24       640    0.9862    0.9907    0.9944    0.8089   0.02273   0.01394  0.004286
    98/299     0.52G   0.02879   0.02048  0.005992   0.05526        25       640    0.9835     0.991    0.9946    0.7989   0.02293   0.01406  0.004267
    99/299     0.52G   0.02896   0.02084  0.006407   0.05622        25       640    0.9868    0.9946    0.9948    0.8126   0.02262   0.01399  0.004358
   100/299     0.52G   0.02895      0.02  0.006234   0.05519        11       640    0.9859    0.9906    0.9947    0.8103   0.02268   0.01401  0.004291
   101/299     0.52G   0.02895   0.01973  0.006208   0.05489        13       640    0.9855    0.9892    0.9946    0.8105   0.02275   0.01403  0.004278
   102/299     0.52G   0.02929   0.01992  0.006297   0.05551        16       640    0.9854     0.992    0.9946    0.8058   0.02311    0.0139  0.004363
   103/299     0.52G   0.02912   0.02031  0.006026   0.05546        23       640    0.9841    0.9934    0.9945    0.8185   0.02256   0.01373  0.004204
   104/299     0.52G   0.02836   0.01921  0.006013   0.05358         3       640    0.9859    0.9926    0.9945    0.8134   0.02252   0.01375  0.004239
   105/299     0.52G   0.02875   0.02036  0.006274   0.05538        33       640    0.9884    0.9901    0.9947    0.8205   0.02217   0.01372   0.00422
   106/299     0.52G   0.02896    0.0203  0.006143    0.0554        14       640    0.9861    0.9927    0.9949    0.8184   0.02216   0.01354  0.004207
   107/299     0.52G   0.02971   0.02032   0.00605   0.05608        17       640    0.9877    0.9865    0.9949    0.8022   0.02286   0.01375  0.004198
   108/299     0.52G   0.02989    0.0193  0.006099   0.05529        12       640    0.9838    0.9895    0.9947    0.8229   0.02222   0.01373  0.004223
   109/299     0.52G   0.02836    0.0202  0.006014   0.05457         9       640    0.9818    0.9917    0.9948    0.8097   0.02224   0.01358  0.004227
   110/299     0.52G   0.02925   0.02021  0.006216   0.05568        29       640    0.9818    0.9938    0.9952    0.8123   0.02295   0.01369  0.004234
   111/299     0.52G   0.02844   0.01971  0.005837   0.05399        29       640    0.9868    0.9922    0.9951    0.8149   0.02216   0.01356  0.004279
   112/299     0.52G   0.02901   0.01992  0.005889   0.05482         6       640    0.9832    0.9969    0.9952    0.8216   0.02242   0.01375  0.004258
   113/299     0.52G   0.02924   0.02006  0.006231   0.05553        22       640    0.9856    0.9892    0.9949    0.8148   0.02277   0.01403  0.004257
   114/299     0.52G   0.02793   0.01996  0.005847   0.05373        30       640    0.9853     0.993    0.9949    0.8238   0.02187   0.01345  0.004174
   115/299     0.52G   0.02725   0.01977  0.005815   0.05284        15       640    0.9825    0.9909    0.9946     0.826   0.02201   0.01345  0.004153
   116/299     0.52G   0.02768   0.01928  0.005942    0.0529        19       640    0.9853    0.9912    0.9947    0.8242   0.02183   0.01351  0.004193
   117/299     0.52G   0.02835   0.01998  0.006027   0.05436        20       640    0.9871    0.9894    0.9946    0.8235   0.02231   0.01353  0.004159
   118/299     0.52G   0.02985   0.01998  0.006314   0.05614        25       640     0.987    0.9918    0.9948    0.8184   0.02206   0.01365  0.004188
   119/299     0.52G   0.02873   0.01992  0.006248    0.0549         6       640    0.9791    0.9953    0.9948    0.8285   0.02154   0.01346  0.004223
   120/299     0.52G   0.02781   0.01962   0.00585   0.05328        18       640    0.9845    0.9889    0.9945     0.828   0.02176   0.01319  0.004154
   121/299     0.52G   0.02879    0.0204   0.00634   0.05553        11       640    0.9837      0.99    0.9947     0.831   0.02183   0.01341   0.00422
   122/299     0.52G    0.0276   0.01972  0.005983    0.0533        31       640    0.9866    0.9912    0.9949    0.8311   0.02176   0.01338  0.004091
   123/299     0.52G   0.02841   0.01972  0.005893   0.05403        17       640    0.9823    0.9943    0.9948    0.8293   0.02146    0.0133  0.004162
   124/299     0.52G   0.02702   0.01909  0.005895     0.052        12       640    0.9822    0.9929    0.9947    0.8348   0.02138   0.01317  0.004144
   125/299     0.52G    0.0272   0.01864  0.005838   0.05167        14       640    0.9825    0.9924    0.9948    0.8332   0.02143   0.01317  0.004162
   126/299     0.52G   0.02761   0.02019  0.006205     0.054        23       640    0.9876     0.988     0.995      0.83   0.02136   0.01311  0.004144
   127/299     0.52G    0.0277   0.01943  0.005615   0.05275        21       640    0.9848    0.9923    0.9949     0.828   0.02151   0.01318  0.004098
   128/299     0.52G   0.02747   0.01923   0.00573   0.05243        24       640    0.9802    0.9949     0.995    0.8344   0.02118    0.0131  0.004165
   129/299     0.52G   0.02746   0.01898   0.00557   0.05201         9       640    0.9822    0.9962     0.995    0.8271   0.02157   0.01321  0.004159
   130/299     0.52G   0.02729    0.0192  0.005884   0.05238         9       640    0.9826    0.9919    0.9948    0.8314   0.02138   0.01338   0.00415
   131/299     0.52G   0.02701   0.01955  0.005953   0.05252         9       640    0.9824    0.9966    0.9951    0.8387   0.02101   0.01286  0.004105
   132/299     0.52G   0.02724   0.01945  0.005877   0.05257        27       640    0.9831    0.9953    0.9951    0.8374   0.02128    0.0131  0.004092
   133/299     0.52G    0.0272   0.01867  0.005637   0.05151        12       640    0.9884    0.9905    0.9949    0.8457     0.021   0.01283  0.004069
   134/299     0.52G   0.02725   0.01931  0.005828   0.05239        30       640    0.9872    0.9912    0.9953      0.84   0.02088   0.01291  0.004135
   135/299     0.52G   0.02696   0.01943   0.00593   0.05232        13       640    0.9818    0.9962    0.9953     0.841   0.02103   0.01297  0.004103
   136/299     0.52G   0.02617   0.01848  0.005768   0.05042        14       640     0.992    0.9874    0.9954    0.8417    0.0207   0.01283   0.00408
   137/299     0.52G   0.02658   0.01872  0.005823   0.05113        26       640    0.9861    0.9955    0.9954    0.8362   0.02094   0.01282  0.004044
   138/299     0.52G   0.02704   0.01938  0.006208   0.05263        29       640    0.9889    0.9914    0.9953    0.8424   0.02048   0.01268  0.004028
   139/299     0.52G   0.02813     0.019  0.006102   0.05323         8       640    0.9905    0.9919    0.9954    0.8373   0.02086   0.01293   0.00404
   140/299     0.52G   0.02708   0.01872  0.006013   0.05181        36       640    0.9868    0.9943    0.9954    0.8394   0.02088    0.0128  0.004042
   141/299     0.52G   0.02618   0.01799  0.005894   0.05006        12       640    0.9858    0.9944    0.9954    0.8426   0.02056    0.0128  0.004054
   142/299     0.52G   0.02584   0.01804  0.005613    0.0495        13       640    0.9919    0.9921    0.9955    0.8471   0.02054   0.01283  0.004048
   143/299     0.52G   0.02664   0.01918  0.005913   0.05173        24       640    0.9926    0.9887    0.9952     0.845   0.02051    0.0127  0.004039
   144/299     0.52G   0.02754   0.01962  0.006021   0.05318        33       640    0.9884    0.9934    0.9954    0.8448   0.02062   0.01289  0.004067
   145/299     0.52G   0.02707   0.01936   0.00624   0.05268        28       640    0.9879    0.9918    0.9954    0.8492   0.02053   0.01267  0.004022
   146/299     0.52G   0.02565   0.01808  0.005813   0.04955         6       640    0.9858    0.9923    0.9954    0.8457   0.02033   0.01256  0.004029
   147/299     0.52G   0.02564   0.01817  0.005661   0.04948        10       640    0.9888    0.9904    0.9955    0.8452    0.0204   0.01245  0.003974
   148/299     0.52G   0.02672   0.01932  0.005897   0.05193        17       640    0.9859    0.9939    0.9955    0.8454   0.02031   0.01277  0.003982
   149/299     0.52G   0.02647   0.01837  0.005696   0.05054        17       640    0.9881    0.9871    0.9946    0.8336   0.02096   0.01286  0.003983
   150/299     0.52G   0.02634   0.01851  0.005632   0.05048        14       640    0.9909    0.9904    0.9955    0.8428   0.02064   0.01266  0.004009
   151/299     0.52G   0.02634    0.0184  0.005557    0.0503        37       640    0.9909    0.9916    0.9955    0.8454   0.02038   0.01257     0.004
   152/299     0.52G   0.02595   0.01871  0.005588   0.05025        15       640    0.9876    0.9947    0.9952      0.85   0.02038   0.01248  0.003999
   153/299     0.52G   0.02623   0.01784   0.00576   0.04983        30       640    0.9914    0.9928    0.9952    0.8479   0.02024    0.0124  0.003992
   154/299     0.52G   0.02611   0.01862  0.005966   0.05069        20       640    0.9887    0.9916    0.9951    0.8458   0.02035   0.01244  0.004003
   155/299     0.52G   0.02613   0.01882  0.005536   0.05049        21       640    0.9882    0.9935    0.9953    0.8475   0.02037   0.01253  0.004008
   156/299     0.52G   0.02653   0.01922  0.005854    0.0516        26       640    0.9865    0.9918    0.9953    0.8514   0.02015   0.01254  0.003977
   157/299     0.52G   0.02541   0.01785  0.005552    0.0488        16       640    0.9851    0.9978    0.9955    0.8548   0.01993   0.01244  0.003946
   158/299     0.52G   0.02564   0.01777  0.005624   0.04903         3       640    0.9903    0.9901    0.9953    0.8473   0.02014   0.01228  0.003937
   159/299     0.52G   0.02554   0.01811  0.005585   0.04924        30       640    0.9872    0.9906    0.9953    0.8452   0.02004   0.01237  0.003929
   160/299     0.52G    0.0258   0.01863  0.005472   0.04991        20       640    0.9908    0.9945    0.9955    0.8496    0.0202   0.01247  0.003947
   161/299     0.52G   0.02619   0.01911  0.005603    0.0509        18       640    0.9925     0.992    0.9953    0.8485   0.02026   0.01262  0.003924
   162/299     0.52G   0.02485   0.01758  0.005586   0.04801        18       640    0.9882     0.996    0.9952    0.8483   0.02022   0.01254  0.003941
   163/299     0.52G   0.02537   0.01723   0.00577   0.04837         7       640    0.9907    0.9928    0.9954    0.8526   0.01998   0.01234  0.003922
   164/299     0.52G   0.02518   0.01767  0.005505   0.04836        27       640    0.9887    0.9941    0.9953    0.8538   0.01984   0.01228  0.003926
   165/299     0.52G   0.02537   0.01772  0.005433   0.04853        14       640    0.9868    0.9965    0.9953    0.8513   0.02005   0.01243  0.003915
   166/299     0.52G   0.02594   0.01796  0.005433   0.04933        18       640    0.9896    0.9937    0.9954    0.8543    0.0201   0.01227  0.003891
   167/299     0.52G    0.0257   0.01817  0.006079   0.04994         7       640    0.9889    0.9939    0.9954    0.8536   0.01991   0.01222  0.003879
   168/299     0.52G   0.02536   0.01798   0.00563   0.04897        12       640     0.992    0.9924    0.9955    0.8493    0.0201   0.01229  0.003961
   169/299     0.52G   0.02502   0.01736  0.005434   0.04781        18       640    0.9905    0.9917    0.9953    0.8582   0.01985   0.01213  0.003907
   170/299     0.52G   0.02507   0.01811   0.00571   0.04889        25       640    0.9899    0.9912    0.9953    0.8622   0.01964   0.01195  0.003917
   171/299     0.52G    0.0253    0.0176  0.005474   0.04837        22       640    0.9889    0.9915    0.9954    0.8585   0.01979   0.01226  0.003914
   172/299     0.52G   0.02487    0.0177  0.005609   0.04818        11       640    0.9893     0.994    0.9955    0.8634   0.01969   0.01207  0.003882
   173/299     0.52G   0.02501   0.01746  0.005438   0.04791        23       640    0.9902    0.9977    0.9953    0.8596    0.0198   0.01205  0.003909
   174/299     0.52G   0.02527   0.01776  0.005831   0.04887        10       640    0.9917    0.9952    0.9955    0.8591   0.01976   0.01201  0.003929
   175/299     0.52G   0.02467   0.01806  0.005513   0.04824        13       640    0.9913    0.9922    0.9955    0.8607   0.01947   0.01195  0.003889
   176/299     0.52G   0.02479   0.01734  0.005348   0.04748        29       640    0.9876    0.9951    0.9955    0.8562   0.01964   0.01199  0.003892
   177/299     0.52G   0.02508   0.01769  0.005539   0.04831        16       640    0.9872    0.9925    0.9954    0.8624   0.01948   0.01182  0.003885
   178/299     0.52G   0.02429   0.01723  0.005652   0.04717        37       640    0.9918    0.9908    0.9953    0.8574   0.01949    0.0119  0.003869
   179/299     0.52G   0.02507   0.01803  0.005807   0.04891        26       640    0.9887    0.9922    0.9954    0.8607   0.01958    0.0119  0.003859
   180/299     0.52G   0.02483   0.01795  0.005557   0.04833        27       640    0.9917    0.9887    0.9954    0.8641   0.01948    0.0119  0.003866
   181/299     0.52G   0.02509   0.01751  0.005529   0.04813        13       640    0.9899    0.9913    0.9955    0.8651   0.01952   0.01204  0.003885
   182/299     0.52G   0.02464   0.01732  0.005582   0.04754        11       640     0.994    0.9892    0.9956    0.8639   0.01937   0.01193  0.003882
   183/299     0.52G   0.02468   0.01767  0.005461   0.04781        17       640    0.9942    0.9918    0.9954    0.8648   0.01924   0.01191  0.003911
   184/299     0.52G   0.02452   0.01816  0.005547   0.04823        26       640    0.9939    0.9952    0.9957    0.8637   0.01936     0.012  0.003928
   185/299     0.52G   0.02408   0.01726  0.005319   0.04666        19       640     0.992    0.9945    0.9958    0.8654   0.01941   0.01182   0.00384
   186/299     0.52G   0.02472   0.01753  0.005501   0.04775        37       640    0.9894    0.9958    0.9957     0.867   0.01932   0.01195  0.003886
   187/299     0.52G   0.02442   0.01762  0.005449   0.04748        16       640      0.99    0.9967    0.9957     0.862   0.01944   0.01184  0.003841
   188/299     0.52G   0.02484   0.01794  0.005814   0.04859        19       640    0.9901    0.9968    0.9956    0.8586   0.01945   0.01192  0.003837
   189/299     0.52G   0.02407   0.01766  0.005378   0.04711        19       640    0.9907    0.9938    0.9955    0.8666   0.01929   0.01181  0.003823
   190/299     0.52G   0.02355   0.01708  0.005155   0.04579        25       640    0.9875    0.9916    0.9954    0.8682   0.01914    0.0118  0.003815
   191/299     0.52G   0.02401   0.01695  0.005443    0.0464         8       640    0.9924    0.9918    0.9956    0.8655   0.01919   0.01179  0.003793
   192/299     0.52G   0.02375   0.01739  0.005176   0.04631        23       640    0.9938    0.9907    0.9956    0.8701   0.01908   0.01175  0.003833
   193/299     0.52G   0.02469   0.01782  0.005726   0.04824        18       640    0.9892    0.9957    0.9957    0.8729   0.01898   0.01172  0.003801
   194/299     0.52G    0.0241   0.01712  0.005468   0.04669        10       640    0.9861    0.9967    0.9956    0.8692   0.01906   0.01178   0.00377
   195/299     0.52G   0.02403    0.0172  0.005597   0.04682        28       640    0.9905    0.9956    0.9955    0.8702   0.01901   0.01168  0.003768
   196/299     0.52G   0.02448   0.01709  0.005538   0.04711        26       640    0.9911    0.9969    0.9957    0.8718   0.01887   0.01157  0.003781
   197/299     0.52G   0.02418   0.01778  0.005305   0.04726        25       640    0.9885    0.9977    0.9956    0.8701   0.01902   0.01156  0.003774
   198/299     0.52G   0.02384    0.0172  0.005406   0.04645        17       640    0.9908    0.9959    0.9956    0.8729   0.01897   0.01174  0.003793
   199/299     0.52G   0.02419   0.01707   0.00557   0.04683        10       640    0.9943    0.9919    0.9954    0.8659   0.01906   0.01177  0.003743
   200/299     0.52G   0.02396   0.01745  0.005607   0.04702        19       640    0.9897     0.995    0.9955    0.8681   0.01895   0.01171  0.003738
   201/299     0.52G   0.02366   0.01663  0.005299   0.04559        17       640    0.9921    0.9931    0.9957    0.8726   0.01875   0.01169  0.003734
   202/299     0.52G   0.02438   0.01744  0.005745   0.04757        11       640    0.9938    0.9966    0.9957    0.8743   0.01877   0.01159   0.00374
   203/299     0.52G   0.02408   0.01724   0.00569   0.04701        26       640    0.9916    0.9966    0.9957    0.8729    0.0188   0.01147  0.003746
   204/299     0.52G   0.02436   0.01765  0.005731   0.04774        11       640    0.9944    0.9916    0.9957    0.8732   0.01869   0.01134  0.003756
   205/299     0.52G   0.02414   0.01734  0.005642   0.04712        19       640     0.995    0.9913    0.9957    0.8769   0.01868   0.01148   0.00376
   206/299     0.52G   0.02403   0.01712  0.005461   0.04661        17       640    0.9901    0.9932    0.9957    0.8777   0.01859   0.01133  0.003771
   207/299     0.52G   0.02351   0.01692  0.005326   0.04576        21       640    0.9936    0.9898    0.9956    0.8711   0.01878   0.01139  0.003756
   208/299     0.52G   0.02409   0.01672  0.005281    0.0461        11       640    0.9905    0.9904    0.9952    0.8721   0.01888   0.01152  0.003739
   209/299     0.52G    0.0238   0.01725  0.005518   0.04657        17       640    0.9899    0.9927    0.9956    0.8752   0.01865   0.01136  0.003735
   210/299     0.52G   0.02439   0.01667  0.005728   0.04678        30       640    0.9918    0.9908    0.9956     0.879   0.01863    0.0114  0.003726
   211/299     0.52G   0.02295   0.01695  0.005148   0.04504        26       640    0.9894    0.9921    0.9955    0.8739   0.01863   0.01143  0.003722
   212/299     0.52G   0.02373   0.01617  0.005495   0.04539        14       640    0.9898    0.9942    0.9956     0.875   0.01873   0.01135  0.003725
   213/299     0.52G   0.02341    0.0171  0.005377   0.04589        18       640    0.9918    0.9912    0.9956    0.8771   0.01859   0.01138  0.003744
   214/299     0.52G   0.02355   0.01691  0.005164   0.04563        14       640    0.9901    0.9938    0.9956    0.8751   0.01867    0.0114   0.00375
   215/299     0.52G   0.02345   0.01685  0.005288   0.04559        18       640    0.9852    0.9975    0.9955    0.8798    0.0186   0.01125  0.003744
   216/299     0.52G   0.02362   0.01682  0.005475   0.04592        36       640    0.9895    0.9943    0.9957     0.879   0.01856    0.0112  0.003726
   217/299     0.52G   0.02425   0.01768   0.00562   0.04755        21       640    0.9906    0.9939    0.9958    0.8777   0.01851   0.01122  0.003729
   218/299     0.52G    0.0235   0.01624  0.005361    0.0451        26       640    0.9856    0.9957    0.9957    0.8786   0.01845   0.01123  0.003739
   219/299     0.52G   0.02315   0.01702  0.005452   0.04562        33       640    0.9921    0.9942    0.9958    0.8815   0.01845   0.01123   0.00378
   220/299     0.52G   0.02382   0.01654  0.005698   0.04606         6       640    0.9887    0.9941    0.9958    0.8833   0.01842   0.01124  0.003748
   221/299     0.52G   0.02345     0.016  0.005334   0.04478        28       640    0.9887     0.994    0.9956    0.8785   0.01845   0.01129  0.003728
   222/299     0.52G   0.02356    0.0169  0.005632   0.04609        21       640    0.9895    0.9956    0.9957    0.8801   0.01834   0.01126  0.003721
   223/299     0.52G   0.02277   0.01667  0.005109   0.04455        19       640    0.9893    0.9983    0.9958    0.8817   0.01837    0.0112  0.003697
   224/299     0.52G   0.02359   0.01671  0.005402    0.0457        13       640    0.9906    0.9951    0.9958    0.8746   0.01843    0.0112   0.00368
   225/299     0.52G    0.0235    0.0165   0.00539   0.04539        26       640    0.9917    0.9945    0.9957    0.8812   0.01822   0.01105  0.003692
   226/299     0.52G   0.02267   0.01556  0.005043   0.04327        24       640    0.9913    0.9924    0.9956    0.8851   0.01818   0.01104  0.003678
   227/299     0.52G   0.02299   0.01632  0.005241   0.04455        11       640    0.9916    0.9923    0.9957    0.8808   0.01832   0.01121   0.00368
   228/299     0.52G   0.02317   0.01661  0.005404   0.04518        18       640    0.9889    0.9937    0.9957     0.883   0.01824   0.01115   0.00369
   229/299     0.52G   0.02332   0.01673  0.005323   0.04538        29       640    0.9847    0.9952    0.9957    0.8824   0.01823   0.01115  0.003719
   230/299     0.52G   0.02364    0.0168  0.005561   0.04601        28       640    0.9916    0.9893    0.9957     0.884   0.01813   0.01124  0.003734
   231/299     0.52G   0.02296   0.01652  0.005454   0.04494        15       640      0.99    0.9916    0.9957    0.8836    0.0181   0.01114  0.003696
   232/299     0.52G   0.02291   0.01629  0.005231   0.04444        13       640    0.9916    0.9897    0.9957    0.8836   0.01826   0.01119  0.003685
   233/299     0.52G   0.02291   0.01619  0.005271   0.04437        26       640    0.9886    0.9961    0.9957    0.8854   0.01807   0.01105  0.003673
   234/299     0.52G   0.02247   0.01633  0.005148   0.04394        21       640    0.9915    0.9949    0.9957    0.8875     0.018   0.01102  0.003676
   235/299     0.52G    0.0231   0.01602  0.005236   0.04435        21       640    0.9941    0.9964    0.9959    0.8851    0.0181   0.01099  0.003666
   236/299     0.52G   0.02354    0.0164   0.00564   0.04557        19       640    0.9936    0.9962     0.996    0.8838   0.01821   0.01103  0.003672
   237/299     0.52G   0.02274   0.01641  0.005159   0.04431        22       640    0.9869    0.9967    0.9957    0.8841   0.01817   0.01098  0.003672
   238/299     0.52G    0.0225   0.01606  0.005208   0.04377        29       640    0.9879    0.9981    0.9958    0.8838   0.01816   0.01117  0.003689
   239/299     0.52G   0.02335   0.01616  0.005349   0.04486        19       640    0.9881     0.996    0.9958    0.8859   0.01818   0.01105  0.003673
   240/299     0.52G   0.02276   0.01633  0.005374   0.04446        22       640    0.9933     0.992     0.996    0.8856   0.01824   0.01109  0.003673
   241/299     0.52G   0.02317   0.01652  0.005425   0.04512        11       640    0.9939    0.9881     0.996    0.8846   0.01819   0.01096  0.003667
   242/299     0.52G   0.02233   0.01592   0.00511   0.04336        40       640    0.9968    0.9878    0.9961    0.8844   0.01811   0.01086  0.003647
   243/299     0.52G     0.023   0.01671  0.005513   0.04522        14       640    0.9952    0.9929     0.996    0.8868   0.01809   0.01092  0.003658
   244/299     0.52G   0.02258   0.01659  0.005094   0.04427        21       640    0.9956    0.9968     0.996    0.8846   0.01808   0.01094  0.003665
   245/299     0.52G   0.02219   0.01609  0.005164   0.04345        17       640    0.9945    0.9959     0.996    0.8857   0.01808   0.01096  0.003639
   246/299     0.52G   0.02316   0.01653  0.005576   0.04527        13       640    0.9946    0.9956     0.996    0.8879   0.01802   0.01087   0.00363
   247/299     0.52G   0.02289   0.01561  0.005464   0.04397        15       640    0.9933    0.9956     0.996    0.8859   0.01809   0.01096  0.003676
   248/299     0.52G   0.02228   0.01584  0.005212   0.04333        15       640    0.9931    0.9962    0.9959    0.8879   0.01804   0.01088  0.003651
   249/299     0.52G   0.02207    0.0163  0.005134    0.0435        22       640    0.9946     0.994     0.996    0.8881   0.01798   0.01085  0.003639
   250/299     0.52G   0.02206   0.01568  0.004888   0.04263        10       640    0.9944    0.9937     0.996    0.8886   0.01793   0.01072  0.003641
   251/299     0.52G   0.02258   0.01616  0.005297   0.04404        14       640    0.9941    0.9912    0.9959    0.8899   0.01792    0.0108  0.003651
   252/299     0.52G    0.0228   0.01629  0.005347   0.04444        34       640    0.9932    0.9914    0.9959    0.8904   0.01788   0.01079  0.003636
   253/299     0.52G   0.02276   0.01702  0.005202   0.04498        21       640    0.9936    0.9919    0.9959    0.8894   0.01784   0.01077   0.00364
   254/299     0.52G   0.02274   0.01585  0.005191   0.04378        28       640    0.9879    0.9977     0.996    0.8897    0.0178   0.01071  0.003624
   255/299     0.52G   0.02284   0.01568  0.005436   0.04395        35       640    0.9915    0.9976    0.9961    0.8903   0.01781   0.01074  0.003627
   256/299     0.52G   0.02263   0.01632  0.005161   0.04412        20       640    0.9917    0.9977    0.9961    0.8915   0.01783   0.01072   0.00361
   257/299     0.52G   0.02205   0.01587  0.004963   0.04288        24       640    0.9908    0.9944    0.9959    0.8935   0.01778   0.01064  0.003622
   258/299     0.52G   0.02269   0.01673  0.005254   0.04468        27       640    0.9924    0.9972     0.996    0.8921   0.01783   0.01069   0.00364
   259/299     0.52G   0.02174    0.0155  0.005082   0.04233        18       640    0.9938    0.9951     0.996    0.8911   0.01783   0.01084  0.003619
   260/299     0.52G    0.0231   0.01651  0.005475   0.04509         7       640    0.9917    0.9952    0.9961      0.89   0.01778   0.01082  0.003622
   261/299     0.52G   0.02238   0.01589  0.005379   0.04366        31       640    0.9939    0.9941    0.9961    0.8902   0.01781   0.01071  0.003601
   262/299     0.52G    0.0223   0.01648  0.004974   0.04375        32       640     0.994    0.9943     0.996    0.8896   0.01782    0.0107  0.003606
   263/299     0.52G   0.02127   0.01494  0.004734   0.04094        29       640    0.9912    0.9961     0.996    0.8913    0.0177   0.01073  0.003624
   264/299     0.52G   0.02203   0.01631  0.005166   0.04351        26       640    0.9933    0.9919     0.996    0.8905   0.01779   0.01077  0.003625
   265/299     0.52G   0.02219   0.01596  0.005073   0.04323        22       640    0.9934     0.993     0.996    0.8912   0.01779   0.01083  0.003624
   266/299     0.52G   0.02239    0.0161  0.005203   0.04369        14       640      0.99    0.9962     0.996     0.894   0.01768   0.01067  0.003615
   267/299     0.52G   0.02273   0.01623  0.005464   0.04442        11       640    0.9918    0.9957     0.996    0.8921   0.01763    0.0107  0.003613
   268/299     0.52G   0.02193   0.01567  0.005106   0.04271        24       640    0.9916    0.9947     0.996    0.8929   0.01762   0.01066   0.00362
   269/299     0.52G    0.0224   0.01631  0.005447   0.04415        12       640    0.9899    0.9956     0.996    0.8947   0.01759   0.01065   0.00362
   270/299     0.52G   0.02252    0.0163   0.00541   0.04423        19       640    0.9913     0.994     0.996    0.8939   0.01758   0.01061  0.003621
   271/299     0.52G   0.02173    0.0158  0.004997   0.04253        22       640    0.9949    0.9897    0.9961    0.8947   0.01752   0.01052  0.003616
   272/299     0.52G   0.02197   0.01611  0.004957   0.04304        25       640    0.9938    0.9902    0.9961    0.8953   0.01751    0.0106  0.003626
   273/299     0.52G    0.0214    0.0152  0.004895    0.0415        37       640    0.9966    0.9896    0.9961    0.8939   0.01748   0.01059  0.003624
   274/299     0.52G   0.02198   0.01619   0.00508   0.04324        34       640    0.9938    0.9954    0.9961    0.8931   0.01752   0.01063  0.003615
   275/299     0.52G   0.02182   0.01583  0.005044   0.04269        16       640    0.9963    0.9914    0.9961    0.8989    0.0174   0.01054  0.003608
   276/299     0.52G   0.02172   0.01528  0.005054   0.04205        12       640    0.9966    0.9887    0.9961    0.8965   0.01744   0.01057  0.003605
   277/299     0.52G   0.02183   0.01604  0.005008   0.04289        30       640    0.9945     0.995    0.9961    0.8936   0.01753   0.01066  0.003596
   278/299     0.52G   0.02168   0.01538   0.00484    0.0419        23       640    0.9932     0.993    0.9961    0.8987   0.01742   0.01053  0.003595
   279/299     0.52G    0.0222   0.01563  0.005152   0.04298        14       640    0.9951     0.988     0.996    0.8952   0.01748   0.01057  0.003619
   280/299     0.52G   0.02243   0.01566  0.005208   0.04329        10       640     0.993    0.9944    0.9961    0.8974   0.01739    0.0105  0.003592
   281/299     0.52G   0.02205   0.01602  0.005053   0.04313         9       640    0.9957    0.9941    0.9961    0.8953   0.01739   0.01058  0.003587
   282/299     0.52G   0.02158   0.01529  0.004976   0.04185         9       640    0.9944    0.9935    0.9961    0.8955   0.01738   0.01058  0.003583
   283/299     0.52G    0.0221   0.01569  0.005122   0.04291        16       640    0.9927    0.9946    0.9961    0.8956   0.01738   0.01058  0.003597
   284/299     0.52G   0.02251   0.01632   0.00524   0.04407        28       640    0.9932    0.9937     0.996    0.8954   0.01736   0.01048   0.00358
   285/299     0.52G   0.02172   0.01541  0.004973    0.0421        14       640    0.9944    0.9925    0.9961    0.8991   0.01738    0.0104  0.003603
   286/299     0.52G   0.02183   0.01575  0.005055   0.04264         8       640    0.9955    0.9946    0.9961    0.8971    0.0174   0.01039  0.003592
   287/299     0.52G   0.02235   0.01578  0.005307   0.04344        34       640    0.9957    0.9927     0.996    0.8977   0.01736   0.01039  0.003584
   288/299     0.52G    0.0218   0.01613  0.005069     0.043         6       640    0.9942    0.9973    0.9961    0.8976    0.0174   0.01047  0.003598
   289/299     0.52G    0.0216   0.01493  0.005118   0.04165        14       640    0.9947    0.9956    0.9961    0.8957    0.0174   0.01052   0.00362
   290/299     0.52G   0.02201   0.01579  0.004947   0.04275        22       640    0.9888    0.9966    0.9961    0.8937   0.01746   0.01064   0.00362
   291/299     0.52G    0.0216    0.0152  0.005039   0.04183        17       640      0.99    0.9962     0.996    0.8972   0.01737   0.01054  0.003613
   292/299     0.52G   0.02205   0.01581  0.005229   0.04309        19       640      0.99    0.9957     0.996    0.8969   0.01735    0.0105  0.003597
   293/299     0.52G   0.02228   0.01573  0.005149   0.04317        18       640    0.9938    0.9938    0.9961    0.8973   0.01738   0.01045  0.003601
   294/299     0.52G   0.02162   0.01651  0.005048   0.04317        20       640    0.9956    0.9948    0.9961    0.8966   0.01741   0.01043  0.003618
   295/299     0.52G   0.02257    0.0164  0.005396   0.04436        16       640    0.9944    0.9962    0.9961    0.8972   0.01744   0.01049  0.003603
   296/299     0.52G   0.02169   0.01573   0.00496   0.04238        34       640    0.9961     0.995    0.9961     0.899   0.01741   0.01049  0.003633
   297/299     0.52G    0.0224   0.01566  0.005217   0.04328        16       640    0.9944     0.995    0.9961    0.8971   0.01744   0.01047   0.00362
   298/299     0.52G   0.02289   0.01553  0.005502   0.04392        10       640     0.995    0.9966    0.9961    0.8955   0.01743   0.01055  0.003598
   299/299     0.52G   0.02147   0.01534  0.004856   0.04167         5       640    0.9938    0.9978    0.9961    0.8965   0.01746   0.01054    0.0036
