     0/299    0.526G    0.1082   0.05183   0.03913    0.1991        29       640  0.003327    0.1791  0.001284 0.0001862    0.1002   0.04878    0.0391
     1/299    0.505G   0.09571   0.05793   0.03632      0.19        30       640  0.002686   0.08633 0.0006704 0.0001099   0.09761    0.0466   0.03808
     2/299    0.505G   0.09209   0.05883   0.03498    0.1859        16       640    0.0163   0.07661   0.00392 0.0005042   0.08969   0.04891     0.034
     3/299    0.505G   0.08934   0.05669   0.03392    0.1799        22       640   0.02709    0.1822   0.01801  0.003159   0.08568   0.04851   0.03341
     4/299    0.505G   0.08739   0.05221   0.03275    0.1724        13       640    0.1368    0.2736   0.07268   0.01364   0.08097   0.06328   0.03138
     5/299     0.61G   0.08325   0.05058   0.03209    0.1659        13       640    0.1157    0.3672   0.09243   0.01411   0.07649   0.04917   0.02832
     6/299     0.61G   0.08021   0.05092   0.03058    0.1617        10       640    0.2284    0.2701    0.1247   0.02347   0.07822   0.05611   0.02681
     7/299     0.61G   0.07812   0.04831   0.02815    0.1546        19       640    0.1571    0.3124    0.1226   0.02163   0.06951   0.04757    0.0247
     8/299     0.61G   0.07491   0.04649   0.02518    0.1466        11       640    0.2309    0.1683    0.1157   0.02229   0.07696   0.04029   0.01961
     9/299     0.61G   0.07497   0.04507   0.02316    0.1432         9       640    0.3216    0.5564    0.3237   0.07881   0.06286   0.03632   0.01701
    10/299     0.61G   0.07262   0.04433    0.0219    0.1389         8       640    0.4615    0.6767    0.4998    0.1466   0.05886   0.03501   0.01495
    11/299     0.61G   0.06997   0.04166   0.02068    0.1323        34       640    0.4041    0.6249    0.4288    0.1079   0.06326   0.03642   0.01377
    12/299     0.61G   0.06769   0.04197   0.01863    0.1283        12       640    0.4745    0.7141    0.4961    0.1475    0.0594   0.03241   0.01271
    13/299     0.61G   0.06518   0.03913   0.01797    0.1223        28       640    0.3911    0.7166    0.4375    0.1237   0.06209   0.03329   0.01192
    14/299     0.61G   0.06604   0.04067    0.0176    0.1243        13       640    0.5112     0.673    0.5052    0.1331   0.06114   0.03175   0.01064
    15/299     0.61G   0.06458    0.0385   0.01619    0.1193        18       640    0.5845    0.6872    0.6161    0.2235   0.05684   0.02911  0.009641
    16/299     0.61G    0.0646    0.0384     0.016     0.119        12       640    0.6804    0.7057    0.7148    0.2148   0.05508    0.0308   0.01018
    17/299     0.61G   0.06034   0.03712   0.01516    0.1126        24       640     0.742    0.7208    0.7847    0.3222   0.04973   0.02861  0.008414
    18/299     0.61G   0.06128   0.03687    0.0145    0.1126        39       640    0.5923    0.6699    0.6627    0.2084   0.05322   0.02994  0.008174
    19/299     0.61G   0.05935    0.0368   0.01392    0.1101        13       640    0.7024    0.7248    0.7418    0.2363   0.05173   0.02819  0.007948
    20/299     0.61G   0.05765   0.03618   0.01334    0.1072        23       640    0.6862    0.7661    0.7401    0.2875     0.051   0.02832  0.007911
    21/299     0.61G   0.05639   0.03606   0.01259     0.105         9       640    0.7558    0.7936    0.8511    0.3018   0.05193   0.02625  0.008295
    22/299     0.61G   0.05586   0.03629   0.01216    0.1043        31       640     0.749    0.7531    0.8116     0.362   0.04785   0.02811  0.008773
    23/299     0.61G   0.05512   0.03434   0.01242    0.1019        20       640    0.8678    0.7692     0.879    0.3976   0.04568   0.02615  0.007083
    24/299     0.61G   0.05588   0.03366   0.01254    0.1021         7       640    0.7654    0.7622    0.8456    0.3882   0.04851   0.02632  0.007389
    25/299     0.61G   0.05434   0.03601   0.01222    0.1026        10       640    0.8466    0.8491      0.91    0.4164   0.04534   0.02515  0.007166
    26/299     0.61G   0.05335   0.03473   0.01146   0.09955        23       640    0.8291    0.7868    0.8749    0.4053   0.04586   0.02543  0.006799
    27/299     0.61G   0.05442   0.03389    0.0114   0.09971        27       640    0.8743    0.8504    0.9213    0.4645   0.04421   0.02423   0.00676
    28/299     0.61G   0.05122    0.0337   0.01078    0.0957        31       640    0.8033    0.8415    0.8952    0.4223    0.0427   0.02488  0.007056
    29/299     0.61G   0.04999   0.03392   0.01106   0.09497        14       640    0.8681    0.8451    0.9161    0.4549   0.04237    0.0242  0.006617
    30/299     0.61G   0.05193   0.03264   0.01039   0.09496        27       640    0.8616    0.8135    0.9003     0.393   0.04381   0.02451  0.006668
    31/299     0.61G   0.05145   0.03227   0.01008    0.0938        28       640    0.8189    0.8417    0.8969    0.3712   0.04542   0.02392  0.006409
    32/299     0.61G   0.05096   0.03236   0.01022   0.09354        13       640    0.8979    0.8906    0.9448    0.5032   0.04058   0.02421  0.006267
    33/299     0.61G    0.0499   0.03318   0.01027   0.09335        21       640    0.8947    0.9008    0.9442    0.4746   0.04171   0.02323  0.006464
    34/299     0.61G   0.05118   0.03286   0.01009   0.09413        20       640    0.8983     0.886    0.9474    0.4892    0.0405   0.02345  0.006425
    35/299     0.61G   0.04796   0.03085   0.01022   0.08903        14       640    0.9245     0.885    0.9477    0.5326   0.03877   0.02333  0.006473
    36/299     0.61G   0.04725   0.03208    0.0101   0.08943        32       640    0.8704    0.8845     0.938    0.4877   0.04078   0.02356  0.006307
    37/299     0.61G   0.04856   0.03044  0.009935   0.08894         7       640    0.9003    0.8944     0.945    0.4769   0.04111   0.02282  0.006113
    38/299     0.61G   0.04838   0.03109  0.009668   0.08913        14       640    0.9217    0.8617    0.9462    0.5088   0.03921   0.02285  0.006133
    39/299     0.61G   0.04673   0.02952  0.009116   0.08536         8       640    0.8966    0.8966    0.9512    0.5552     0.037    0.0226  0.005917
    40/299     0.61G   0.04707   0.03089  0.009708   0.08767        18       640    0.8911    0.8707    0.9297    0.4862   0.04028   0.02318  0.006109
    41/299     0.61G   0.04675   0.03072  0.009558   0.08702        19       640    0.8925    0.9123    0.9506    0.5417   0.03778   0.02221   0.00586
    42/299     0.61G   0.04628   0.02979  0.009201   0.08528        10       640     0.904    0.9021    0.9539    0.5239   0.04035   0.02212  0.005938
    43/299     0.61G    0.0471   0.03091  0.009352   0.08736        24       640    0.8838    0.9074    0.9491    0.5306   0.03831   0.02183  0.005915
    44/299     0.61G   0.04692   0.02982  0.009317   0.08606        32       640    0.9142    0.9169    0.9554    0.5442   0.03811   0.02169  0.005759
    45/299     0.61G   0.04531   0.02968  0.008965   0.08395        22       640    0.9038    0.9061    0.9561    0.5695   0.03684   0.02155  0.005869
    46/299     0.61G   0.04359   0.03014  0.008947   0.08267        25       640    0.9248    0.9116    0.9607    0.5837   0.03648   0.02145  0.005773
    47/299     0.61G   0.04558   0.02899   0.00892   0.08349        23       640    0.9024    0.9178    0.9593    0.5159   0.04055   0.02156  0.005792
    48/299     0.61G   0.04576   0.02964  0.008829   0.08423        26       640     0.925    0.9305    0.9677    0.6073   0.03547   0.02151  0.005724
    49/299     0.61G   0.04373   0.02913  0.008731   0.08159        12       640    0.9382    0.9122    0.9686    0.6059    0.0347   0.02084  0.005509
    50/299     0.61G    0.0426    0.0283  0.008589   0.07948        17       640    0.8925     0.931    0.9627    0.5333   0.03904     0.022  0.005644
    51/299     0.61G   0.04422   0.02976  0.008659   0.08265        11       640    0.9091    0.9288    0.9655    0.5795   0.03621   0.02103  0.005576
    52/299     0.61G   0.04325   0.02888  0.008911   0.08105        27       640    0.9214    0.9408    0.9678    0.5566   0.03645   0.02104  0.005565
    53/299     0.61G   0.04372   0.02725  0.008366   0.07933        14       640     0.928    0.9336    0.9644    0.5888   0.03447   0.02054  0.005659
    54/299     0.61G   0.04371   0.02928  0.008529   0.08152         3       640     0.947    0.9108    0.9705    0.6143    0.0341   0.02036  0.005479
    55/299     0.61G   0.04226   0.02878  0.008714   0.07975        13       640     0.927    0.9156    0.9688    0.6036   0.03495   0.02055  0.005514
    56/299     0.61G   0.04227   0.02836  0.008564   0.07919        28       640    0.9275    0.9387    0.9718    0.6168   0.03417    0.0204  0.005402
    57/299     0.61G   0.04145   0.02898  0.008137   0.07858        15       640    0.9388    0.9247    0.9728    0.5979   0.03548   0.02063   0.00535
    58/299     0.61G   0.04136   0.02749  0.008049    0.0769        13       640    0.9417    0.9401    0.9748    0.6261   0.03279   0.02048  0.005492
    59/299     0.61G   0.04082   0.02872  0.008259   0.07779        20       640     0.937    0.9105    0.9675    0.6485    0.0325   0.01998  0.005425
    60/299     0.61G   0.04171   0.02903  0.008287   0.07902        36       640    0.9388    0.9387    0.9743    0.6291   0.03309   0.02011  0.005323
    61/299     0.61G   0.04172   0.02754  0.008033   0.07729         7       640    0.9467    0.9407    0.9769    0.6186   0.03328   0.02008  0.005431
    62/299     0.61G   0.04123    0.0277  0.008275    0.0772        31       640    0.9586    0.9284    0.9773    0.5928    0.0348   0.01973  0.005334
    63/299     0.61G   0.04154   0.02696  0.008193   0.07669        23       640     0.946     0.936    0.9752    0.6486   0.03211    0.0198  0.005342
    64/299     0.61G   0.04248   0.02779  0.008271   0.07854         8       640    0.9357    0.9577    0.9795     0.611   0.03458   0.01983  0.005322
    65/299     0.61G   0.04163   0.02837  0.007662   0.07766         7       640    0.9414    0.9379     0.972    0.6168   0.03319   0.01957   0.00535
    66/299     0.61G   0.04005    0.0271  0.008121   0.07527        19       640    0.9516    0.9372    0.9752    0.6526   0.03176    0.0193  0.005191
    67/299     0.61G   0.04025   0.02769  0.007923   0.07586        10       640    0.9314    0.9494    0.9758    0.6319   0.03279   0.01978  0.005271
    68/299     0.61G   0.03971   0.02915  0.008138   0.07699        17       640    0.9479    0.9524    0.9813    0.6298   0.03301   0.01936  0.005112
    69/299     0.61G   0.04124   0.02675  0.008285   0.07627        24       640    0.9526    0.9494     0.979    0.6573   0.03169   0.01938  0.005201
    70/299     0.61G   0.04023   0.02785  0.007831   0.07591        20       640    0.9424    0.9579    0.9804     0.662    0.0315   0.01911  0.005172
    71/299     0.61G   0.03958   0.02718  0.007746    0.0745        16       640    0.9448    0.9469    0.9802    0.6477   0.03217   0.01914  0.005199
    72/299     0.61G   0.03886   0.02693  0.007701    0.0735        27       640    0.9394    0.9485    0.9788    0.6347   0.03262   0.01947  0.005142
    73/299     0.61G   0.03882   0.02645  0.007974   0.07325         9       640    0.9682    0.9534    0.9833    0.6828   0.03046   0.01876  0.005038
    74/299     0.61G    0.0392   0.02657  0.007523   0.07329        14       640    0.9464      0.96    0.9811    0.6722   0.03141   0.01888  0.005159
    75/299     0.61G    0.0393   0.02706  0.007709   0.07406        18       640    0.9542    0.9459    0.9827    0.6792    0.0308   0.01841  0.005049
    76/299     0.61G     0.039   0.02644  0.007874   0.07332        14       640    0.9601    0.9587    0.9824     0.679   0.03047   0.01863  0.005033
    77/299     0.61G   0.04003   0.02681  0.007965   0.07481        22       640    0.9506    0.9397     0.979    0.6676   0.03128    0.0187  0.005096
    78/299     0.61G   0.03963    0.0279  0.007573    0.0751        28       640    0.9531    0.9591     0.982    0.6609   0.03127   0.01884  0.005196
    79/299     0.61G   0.03999   0.02639  0.007955   0.07434         8       640    0.9519    0.9573    0.9813    0.6682   0.03173   0.01869  0.005221
    80/299     0.61G   0.03937   0.02647  0.007593   0.07344        23       640    0.9608     0.948     0.982    0.6819   0.02992   0.01869  0.005095
    81/299     0.61G   0.03867   0.02731  0.007451   0.07343        37       640    0.9718    0.9537    0.9844     0.692   0.03009   0.01859  0.005131
    82/299     0.61G   0.03874   0.02632  0.007367   0.07242        11       640    0.9588     0.955    0.9823    0.6829   0.03017   0.01858  0.005097
    83/299     0.61G    0.0385   0.02614  0.007606   0.07224        15       640    0.9458    0.9642    0.9817    0.6615   0.03016   0.01851  0.004985
    84/299     0.61G   0.03732   0.02721  0.007046   0.07158        12       640    0.9549    0.9548    0.9817    0.6934   0.02968   0.01818  0.004939
    85/299     0.61G   0.03787   0.02601  0.007335   0.07122        28       640    0.9619    0.9586    0.9836    0.6825   0.03086   0.01841  0.004959
    86/299     0.61G   0.03799   0.02667  0.007467   0.07213        16       640    0.9569    0.9682    0.9859    0.7015   0.02951    0.0182  0.004894
    87/299     0.61G   0.03707    0.0259  0.007382   0.07036        21       640    0.9601    0.9582    0.9844    0.7049   0.03017   0.01794  0.004908
    88/299     0.61G   0.03804     0.026  0.007499   0.07154        13       640    0.9343    0.9339    0.9688    0.6548   0.03226   0.02013  0.005273
    89/299     0.61G   0.03875   0.02549  0.007379   0.07162         6       640    0.9446    0.9707    0.9838    0.6847   0.03094   0.01818  0.004867
    90/299     0.61G   0.03725   0.02606  0.007386    0.0707        13       640    0.9588    0.9527    0.9831    0.6978   0.02943   0.01819  0.004973
    91/299     0.61G   0.03882    0.0264  0.007438   0.07266        12       640    0.9534    0.9697    0.9867     0.696   0.02992   0.01795  0.004833
    92/299     0.61G   0.03819   0.02546  0.007881   0.07153        23       640    0.9576    0.9608    0.9837    0.6969   0.02919   0.01777  0.004897
    93/299     0.61G   0.03699   0.02577  0.007203   0.06996        18       640    0.9489    0.9763    0.9861    0.7113   0.02913   0.01772  0.004885
    94/299     0.61G   0.03622   0.02483  0.006852    0.0679        10       640    0.9558    0.9677    0.9848    0.7055   0.02916    0.0178  0.004862
    95/299     0.61G   0.03677   0.02485  0.006991   0.06861         8       640    0.9631    0.9616    0.9847    0.7222   0.02851   0.01774  0.004902
    96/299     0.61G    0.0368   0.02553  0.007502   0.06984        35       640    0.9518     0.965    0.9852    0.7284    0.0282   0.01769  0.004868
    97/299     0.61G   0.03618   0.02426  0.007022   0.06747        24       640    0.9633    0.9591    0.9844    0.7116   0.02844    0.0176    0.0048
    98/299     0.61G   0.03583    0.0254   0.00705   0.06828        25       640    0.9613    0.9664    0.9853    0.7108   0.02803   0.01759  0.004827
    99/299     0.61G   0.03628   0.02596  0.007401   0.06964        25       640    0.9679     0.965    0.9854    0.6962   0.02923    0.0177  0.004827
   100/299     0.61G   0.03597   0.02497  0.007296   0.06823        11       640    0.9584    0.9597     0.984    0.7129   0.02825    0.0175  0.004795
   101/299     0.61G   0.03625   0.02472   0.00715   0.06812        13       640    0.9657    0.9645    0.9878    0.7153    0.0286   0.01758  0.004855
   102/299     0.61G   0.03613   0.02471  0.007245   0.06809        16       640    0.9705    0.9666    0.9888    0.7232   0.02837   0.01748  0.004829
   103/299     0.61G   0.03656   0.02544  0.006916   0.06891        23       640    0.9514    0.9729    0.9872    0.7325   0.02753   0.01738  0.004732
   104/299     0.61G   0.03546   0.02401  0.006873   0.06635         3       640    0.9548    0.9747    0.9883    0.7396   0.02759   0.01748  0.004775
   105/299     0.61G   0.03527   0.02526  0.007325   0.06785        33       640    0.9588    0.9678    0.9873    0.7336   0.02725   0.01715  0.004684
   106/299     0.61G   0.03614   0.02535  0.007229   0.06871        14       640    0.9593    0.9727    0.9882    0.7376   0.02774   0.01721  0.004784
   107/299     0.61G   0.03616   0.02502  0.007061   0.06823        17       640    0.9696    0.9615    0.9884     0.733   0.02816   0.01721  0.004734
   108/299     0.61G   0.03625   0.02402  0.007126    0.0674        12       640    0.9552    0.9734    0.9859    0.7389   0.02709     0.017  0.004653
   109/299     0.61G     0.035   0.02524   0.00686    0.0671         9       640    0.9688     0.972      0.99    0.7332   0.02745   0.01697  0.004667
   110/299     0.61G   0.03544   0.02511   0.00718   0.06772        29       640    0.9701    0.9684    0.9893    0.7278   0.02821   0.01697  0.004693
   111/299     0.61G   0.03524   0.02427  0.006837   0.06635        29       640    0.9705     0.967    0.9884    0.7304   0.02755   0.01688  0.004729
   112/299     0.61G   0.03624   0.02475  0.006957   0.06794         6       640    0.9614    0.9759    0.9875    0.7248   0.02812   0.01709   0.00472
   113/299     0.61G   0.03612   0.02477  0.007166   0.06806        22       640    0.9552    0.9703    0.9856    0.7232   0.02827   0.01758  0.004695
   114/299     0.61G   0.03515   0.02494  0.006935   0.06702        30       640    0.9698    0.9618    0.9869    0.7311   0.02756   0.01676  0.004613
   115/299     0.61G   0.03395   0.02451  0.006727    0.0652        15       640    0.9677    0.9705    0.9893    0.7354   0.02725   0.01663  0.004598
   116/299     0.61G   0.03488   0.02413  0.006819   0.06583        19       640    0.9647    0.9796    0.9902    0.7411   0.02704    0.0165   0.00462
   117/299     0.61G   0.03458   0.02461  0.006945   0.06613        20       640    0.9655    0.9695    0.9877    0.7248   0.02752   0.01693  0.004717
   118/299     0.61G   0.03549   0.02436  0.007152     0.067        25       640    0.9708    0.9744    0.9912    0.7425   0.02721   0.01674  0.004612
   119/299     0.61G   0.03532   0.02448  0.007177   0.06698         6       640     0.972    0.9742    0.9904     0.728   0.02806   0.01699  0.004584
   120/299     0.61G   0.03434   0.02429  0.006699   0.06533        18       640     0.969    0.9601    0.9881    0.7439   0.02688   0.01666  0.004566
   121/299     0.61G   0.03608    0.0253  0.007095   0.06847        11       640    0.9605     0.975    0.9887    0.7377   0.02742   0.01663  0.004584
   122/299     0.61G   0.03534    0.0249  0.006877   0.06712        31       640    0.9655    0.9784    0.9895    0.7518   0.02661   0.01657  0.004591
   123/299     0.61G   0.03498   0.02403  0.006799   0.06582        17       640    0.9662     0.978    0.9907    0.7541   0.02666   0.01644   0.00463
   124/299     0.61G   0.03344   0.02369  0.006633   0.06377        12       640    0.9646    0.9707    0.9891    0.7537   0.02628   0.01639   0.00454
   125/299     0.61G   0.03444   0.02297  0.006737   0.06414        14       640    0.9553    0.9746    0.9888    0.7403   0.02663   0.01672  0.004562
   126/299     0.61G   0.03522   0.02512  0.006963    0.0673        23       640    0.9736     0.974    0.9914    0.7399    0.0274    0.0167  0.004577
   127/299     0.61G   0.03323    0.0239  0.006558   0.06369        21       640    0.9611    0.9828    0.9909    0.7571    0.0263   0.01628  0.004466
   128/299     0.61G    0.0333   0.02395  0.006642   0.06389        24       640    0.9736    0.9789    0.9919    0.7641     0.026   0.01619  0.004516
   129/299     0.61G   0.03382   0.02343  0.006415   0.06366         9       640    0.9675    0.9728      0.99    0.7284   0.02711   0.01625  0.004503
   130/299     0.61G   0.03372   0.02367  0.006614     0.064         9       640    0.9661    0.9734    0.9894     0.746    0.0265   0.01647  0.004568
   131/299     0.61G   0.03447   0.02446  0.006952   0.06588         9       640    0.9598    0.9834    0.9905    0.7408   0.02688   0.01638  0.004523
   132/299     0.61G   0.03436   0.02437  0.006707   0.06543        27       640    0.9664     0.978    0.9902    0.7449   0.02703   0.01634  0.004509
   133/299     0.61G   0.03381   0.02318  0.006622    0.0636        12       640    0.9666    0.9777    0.9906    0.7561   0.02628   0.01615  0.004529
   134/299     0.61G   0.03392   0.02391  0.006638   0.06447        30       640    0.9644    0.9785    0.9903    0.7558   0.02621   0.01622  0.004523
   135/299     0.61G   0.03387   0.02423  0.006687   0.06479        13       640    0.9738    0.9752    0.9889      0.76   0.02585   0.01611  0.004472
   136/299     0.61G   0.03336   0.02328  0.006694   0.06333        14       640    0.9739    0.9772    0.9909    0.7661   0.02541   0.01596  0.004475
   137/299     0.61G   0.03327   0.02308  0.006836   0.06319        26       640    0.9684    0.9831    0.9918    0.7577   0.02588   0.01596  0.004468
   138/299     0.61G   0.03346   0.02379  0.007076   0.06433        29       640    0.9775    0.9689    0.9922    0.7599   0.02592   0.01582  0.004474
   139/299     0.61G    0.0342   0.02332  0.006737   0.06426         8       640    0.9664    0.9773    0.9907    0.7647   0.02552   0.01595  0.004515
   140/299     0.61G   0.03381   0.02325  0.006776   0.06383        36       640    0.9765    0.9821    0.9921    0.7666   0.02572   0.01592  0.004444
   141/299     0.61G   0.03246   0.02233  0.006755   0.06154        12       640    0.9753    0.9712    0.9911    0.7698    0.0253   0.01582  0.004428
   142/299     0.61G   0.03281   0.02263  0.006417   0.06187        13       640    0.9668    0.9742    0.9908    0.7652   0.02557   0.01581  0.004447
   143/299     0.61G   0.03254   0.02365  0.006683   0.06287        24       640    0.9763    0.9814    0.9914    0.7772   0.02497   0.01553  0.004419
   144/299     0.61G   0.03342   0.02398  0.006789   0.06419        33       640    0.9692    0.9789    0.9916    0.7684   0.02511   0.01556  0.004379
   145/299     0.61G   0.03271   0.02373  0.007099   0.06354        28       640    0.9741    0.9767    0.9919    0.7661   0.02546   0.01576  0.004399
   146/299     0.61G   0.03259   0.02233  0.006596   0.06152         6       640    0.9648    0.9832    0.9919    0.7699   0.02535   0.01558  0.004387
   147/299     0.61G   0.03196   0.02263  0.006428   0.06102        10       640    0.9661    0.9802    0.9917    0.7694   0.02511   0.01564  0.004404
   148/299     0.61G   0.03235   0.02365  0.006694   0.06269        17       640    0.9737    0.9792    0.9912    0.7746   0.02505   0.01567  0.004407
   149/299     0.61G   0.03321   0.02273  0.006452    0.0624        17       640    0.9664    0.9808    0.9917    0.7568   0.02582   0.01575  0.004382
   150/299     0.61G   0.03278   0.02297  0.006431   0.06219        14       640     0.967      0.97    0.9898    0.7741   0.02494   0.01563  0.004442
   151/299     0.61G   0.03218   0.02266  0.006325   0.06116        37       640    0.9679    0.9806    0.9911    0.7758   0.02487   0.01557   0.00439
   152/299     0.61G   0.03195   0.02286  0.006304   0.06112        15       640    0.9649    0.9803    0.9905    0.7774   0.02485   0.01551  0.004416
   153/299     0.61G   0.03237   0.02178  0.006517   0.06067        30       640    0.9754    0.9815    0.9927    0.7727   0.02507   0.01546  0.004391
   154/299     0.61G   0.03309   0.02343  0.006643   0.06316        20       640     0.968     0.977    0.9914    0.7659    0.0253   0.01567  0.004396
   155/299     0.61G   0.03253   0.02329  0.006261   0.06208        21       640    0.9723    0.9773     0.992    0.7831   0.02489    0.0154  0.004399
   156/299     0.61G   0.03244   0.02335  0.006565   0.06235        26       640    0.9775    0.9854    0.9923    0.7808   0.02488    0.0154  0.004391
   157/299     0.61G   0.03154   0.02189  0.006306   0.05974        16       640    0.9813    0.9735    0.9925    0.7863   0.02448   0.01521  0.004368
   158/299     0.61G    0.0325   0.02222  0.006444   0.06117         3       640    0.9829    0.9809    0.9929    0.7841   0.02472   0.01527  0.004357
   159/299     0.61G   0.03185   0.02249  0.006336   0.06068        30       640    0.9824    0.9767    0.9922    0.7845   0.02442   0.01521  0.004319
   160/299     0.61G   0.03178     0.023  0.006265   0.06105        20       640    0.9748    0.9725     0.992    0.7782   0.02475   0.01543  0.004317
   161/299     0.61G   0.03186   0.02333   0.00634   0.06153        18       640    0.9767    0.9794    0.9925    0.7761   0.02467   0.01546    0.0043
   162/299     0.61G   0.03075   0.02179  0.006283   0.05882        18       640    0.9688    0.9814    0.9923    0.7782   0.02472   0.01541  0.004288
   163/299     0.61G   0.03159   0.02147  0.006533    0.0596         7       640    0.9698    0.9827    0.9926    0.7837   0.02456   0.01526  0.004317
   164/299     0.61G   0.03115   0.02196  0.006444   0.05956        27       640    0.9733    0.9761    0.9924     0.786   0.02426   0.01524   0.00433
   165/299     0.61G   0.03113    0.0219  0.006146   0.05917        14       640    0.9739    0.9802    0.9913    0.7829   0.02442   0.01506  0.004264
   166/299     0.61G   0.03226   0.02232  0.006168   0.06075        18       640    0.9702     0.979    0.9915    0.7796   0.02441   0.01501  0.004275
   167/299     0.61G   0.03189   0.02231  0.006702    0.0609         7       640    0.9688    0.9833    0.9919    0.7832   0.02447   0.01519  0.004273
   168/299     0.61G   0.03111   0.02202  0.006266    0.0594        12       640    0.9714    0.9816    0.9913    0.7889   0.02423    0.0152  0.004267
   169/299     0.61G    0.0307   0.02152  0.006057   0.05828        18       640    0.9777    0.9828    0.9927    0.7915   0.02414   0.01511  0.004227
   170/299     0.61G   0.03063   0.02222  0.006428   0.05927        25       640     0.972    0.9792    0.9929    0.7943   0.02402   0.01502  0.004261
   171/299     0.61G   0.03069   0.02152  0.006157   0.05837        22       640    0.9722    0.9831    0.9929    0.7947   0.02403   0.01504  0.004257
   172/299     0.61G   0.03146   0.02195  0.006549   0.05996        11       640    0.9787     0.982    0.9931    0.7908   0.02419   0.01498  0.004263
   173/299     0.61G   0.03124   0.02164  0.006221    0.0591        23       640    0.9813    0.9871    0.9931    0.7896   0.02439   0.01492  0.004296
   174/299     0.61G   0.03106   0.02186  0.006592   0.05951        10       640    0.9794    0.9823    0.9926    0.7884     0.024   0.01482  0.004279
   175/299     0.61G   0.03054    0.0225  0.006237   0.05928        13       640    0.9703    0.9807     0.992    0.7807    0.0242   0.01506  0.004321
   176/299     0.61G   0.03073   0.02183  0.006028   0.05859        29       640     0.974    0.9813     0.993    0.7969   0.02357   0.01478    0.0043
   177/299     0.61G   0.03083   0.02186  0.006148   0.05884        16       640    0.9686    0.9804    0.9929    0.7975   0.02364   0.01472  0.004262
   178/299     0.61G   0.03021   0.02139  0.006413   0.05801        37       640    0.9737    0.9818    0.9928     0.799   0.02376   0.01471  0.004222
   179/299     0.61G   0.03071   0.02245  0.006493   0.05966        26       640     0.971    0.9827    0.9928    0.7983    0.0238   0.01474  0.004297
   180/299     0.61G   0.03057   0.02228  0.006324   0.05917        27       640    0.9739    0.9788    0.9926    0.7971   0.02377   0.01472   0.00426
   181/299     0.61G   0.03086    0.0215  0.006153   0.05852        13       640    0.9674    0.9828    0.9931     0.797   0.02402   0.01468  0.004239
   182/299     0.61G   0.03033   0.02148  0.006214   0.05803        11       640    0.9766    0.9784    0.9928    0.7878   0.02403   0.01496  0.004217
   183/299     0.61G    0.0306   0.02189  0.006071   0.05856        17       640    0.9795    0.9812    0.9934    0.8011   0.02357   0.01474  0.004268
   184/299     0.61G   0.03053   0.02242  0.006285   0.05923        26       640     0.974    0.9858     0.994    0.7983   0.02359   0.01459  0.004219
   185/299     0.61G   0.02991   0.02138  0.005985   0.05728        19       640    0.9776    0.9871    0.9942    0.8016   0.02353   0.01467  0.004237
   186/299     0.61G   0.03091   0.02169  0.006157   0.05876        37       640    0.9815    0.9834    0.9941    0.7996   0.02355   0.01463  0.004273
   187/299     0.61G   0.03072   0.02179  0.006162   0.05867        16       640     0.982    0.9772    0.9932    0.7981   0.02337    0.0145  0.004222
   188/299     0.61G   0.03077   0.02197  0.006586   0.05932        19       640    0.9749    0.9804    0.9932    0.8021   0.02343   0.01461  0.004214
   189/299     0.61G   0.02972   0.02174  0.006051   0.05751        19       640    0.9826    0.9773    0.9936    0.7977   0.02338   0.01443  0.004217
   190/299     0.61G   0.02958   0.02127  0.005926   0.05677        25       640    0.9707    0.9829     0.993    0.8016   0.02337   0.01454  0.004211
   191/299     0.61G   0.02958   0.02075  0.006244   0.05657         8       640    0.9722    0.9844    0.9933    0.8063   0.02303   0.01446  0.004164
   192/299     0.61G   0.02922   0.02143  0.005801   0.05645        23       640    0.9767    0.9852    0.9936    0.8031   0.02325   0.01445  0.004201
   193/299     0.61G   0.03043   0.02202  0.006549     0.059        18       640    0.9842     0.977    0.9936    0.8021   0.02323   0.01449  0.004202
   194/299     0.61G   0.03017   0.02154  0.006151   0.05786        10       640    0.9724    0.9892    0.9938    0.8148   0.02283   0.01419  0.004146
   195/299     0.61G   0.02988   0.02151  0.006264   0.05765        28       640    0.9713    0.9867    0.9931    0.8112   0.02288   0.01433  0.004137
   196/299     0.61G   0.03062   0.02108  0.006257   0.05796        26       640    0.9829    0.9809    0.9933    0.8097   0.02288   0.01429  0.004132
   197/299     0.61G   0.02991   0.02192   0.00594   0.05777        25       640    0.9717    0.9888    0.9932    0.8085   0.02312    0.0143  0.004144
   198/299     0.61G   0.03006   0.02154  0.006141   0.05774        17       640    0.9891    0.9699    0.9932    0.8067   0.02302   0.01443  0.004171
   199/299     0.61G   0.03004   0.02107  0.006316   0.05742        10       640    0.9806    0.9865    0.9943    0.8111   0.02308   0.01444   0.00417
   200/299     0.61G   0.02983   0.02161  0.006387   0.05782        19       640    0.9767    0.9902    0.9933    0.8094   0.02316   0.01438  0.004189
   201/299     0.61G   0.02937   0.02067  0.006011   0.05606        17       640    0.9758    0.9902    0.9932    0.8142   0.02278   0.01433  0.004146
   202/299     0.61G   0.03008   0.02181  0.006511    0.0584        11       640    0.9749    0.9878    0.9937    0.8156   0.02282   0.01424  0.004126
   203/299     0.61G   0.02968    0.0214  0.006464   0.05754        26       640    0.9782    0.9804     0.993    0.8148   0.02278   0.01419  0.004112
   204/299     0.61G   0.03012   0.02211  0.006427   0.05866        11       640    0.9712    0.9856    0.9924    0.8106   0.02265   0.01426  0.004194
   205/299     0.61G    0.0296   0.02133  0.006182   0.05711        19       640    0.9773    0.9854    0.9934    0.8144   0.02279    0.0141  0.004116
   206/299     0.61G   0.02993   0.02135  0.006159   0.05744        17       640    0.9841    0.9772    0.9936    0.8148   0.02262   0.01414  0.004143
   207/299     0.61G   0.02918   0.02115  0.005908   0.05623        21       640    0.9867    0.9785    0.9942    0.8145   0.02278   0.01416  0.004137
   208/299     0.61G   0.02975   0.02072  0.005897   0.05637        11       640    0.9848    0.9802    0.9935    0.8115   0.02287   0.01434  0.004146
   209/299     0.61G   0.02963   0.02124  0.006279   0.05714        17       640    0.9848      0.98    0.9928    0.8129   0.02274   0.01418  0.004155
   210/299     0.61G   0.02997   0.02061  0.006472   0.05705        30       640    0.9774     0.987    0.9928     0.811   0.02268   0.01415  0.004123
   211/299     0.61G   0.02863   0.02122  0.005759   0.05561        26       640    0.9784    0.9884    0.9936    0.8174   0.02254   0.01407   0.00411
   212/299     0.61G   0.02962   0.01996  0.006118    0.0557        14       640    0.9828    0.9861    0.9932    0.8175   0.02261     0.014  0.004057
   213/299     0.61G   0.02892   0.02118  0.005949   0.05605        18       640    0.9891    0.9773    0.9944    0.8186   0.02262   0.01401  0.004089
   214/299     0.61G   0.02897   0.02081  0.005674   0.05546        14       640    0.9847    0.9833    0.9942    0.8171   0.02273   0.01429  0.004098
   215/299     0.61G   0.02896   0.02089  0.005903   0.05575        18       640    0.9801    0.9831     0.993    0.8161   0.02256   0.01398  0.004097
   216/299     0.61G    0.0293   0.02081   0.00623   0.05634        36       640    0.9853     0.986    0.9944    0.8186   0.02256   0.01395  0.004081
   217/299     0.61G   0.02971   0.02166  0.006256   0.05762        21       640    0.9881    0.9868    0.9949    0.8237   0.02241   0.01408  0.004109
   218/299     0.61G   0.02881   0.01988  0.005996   0.05469        26       640     0.983     0.986    0.9948     0.823   0.02237    0.0139  0.004054
   219/299     0.61G   0.02856   0.02115  0.006013   0.05573        33       640    0.9854    0.9813    0.9934    0.8226   0.02231   0.01396   0.00409
   220/299     0.61G   0.02938   0.02067  0.006392   0.05644         6       640    0.9809    0.9871    0.9943    0.8206   0.02229   0.01398  0.004059
   221/299     0.61G   0.02879   0.01984  0.005958   0.05459        28       640    0.9848    0.9881    0.9948    0.8227   0.02234   0.01391  0.004069
   222/299     0.61G   0.02904   0.02074  0.006144   0.05593        21       640     0.975    0.9904    0.9946    0.8229   0.02244   0.01397  0.004063
   223/299     0.61G   0.02846   0.02066  0.005821   0.05494        19       640    0.9789    0.9894    0.9948    0.8253   0.02217   0.01386  0.004056
   224/299     0.61G   0.02895   0.02066  0.006126   0.05573        13       640    0.9764    0.9887    0.9947    0.8237   0.02217   0.01375  0.004021
   225/299     0.61G   0.02898   0.02031  0.006049   0.05533        26       640    0.9731      0.99    0.9936    0.8237   0.02226   0.01371  0.004029
   226/299     0.61G   0.02841   0.01957  0.005655   0.05364        24       640     0.976    0.9854    0.9939    0.8249   0.02231   0.01378  0.004042
   227/299     0.61G    0.0287   0.02046  0.005897   0.05506        11       640    0.9839    0.9861    0.9941     0.826    0.0221   0.01385  0.004079
   228/299     0.61G   0.02881   0.02065  0.006079   0.05553        18       640     0.981    0.9867    0.9947     0.828   0.02208    0.0138  0.004072
   229/299     0.61G   0.02884   0.02082  0.005892   0.05556        29       640    0.9896    0.9742    0.9946    0.8227   0.02204   0.01376  0.004064
   230/299     0.61G   0.02892   0.02063  0.006198   0.05575        28       640     0.983    0.9803    0.9947    0.8249   0.02195   0.01372  0.004008
   231/299     0.61G   0.02833   0.02049  0.006143   0.05496        15       640    0.9785    0.9833    0.9945    0.8242   0.02215   0.01377  0.004022
   232/299     0.61G   0.02814   0.02014  0.005931   0.05421        13       640    0.9818    0.9803    0.9944    0.8281   0.02213   0.01372  0.004028
   233/299     0.61G   0.02824   0.02016   0.00581    0.0542        26       640     0.984    0.9843    0.9942    0.8252   0.02198   0.01367  0.003992
   234/299     0.61G   0.02791   0.02028  0.005759   0.05395        21       640    0.9806     0.985    0.9937    0.8299   0.02198   0.01362  0.003993
   235/299     0.61G   0.02867   0.02021  0.006063   0.05495        21       640    0.9837      0.98    0.9948    0.8276   0.02213   0.01367   0.00403
   236/299     0.61G   0.02891   0.02039  0.006235   0.05553        19       640    0.9795    0.9813    0.9937    0.8287   0.02211   0.01366  0.004033
   237/299     0.61G   0.02835   0.02064   0.00582    0.0548        22       640    0.9755    0.9871    0.9935    0.8252   0.02209   0.01372  0.004026
   238/299     0.61G   0.02797   0.02003  0.005774   0.05377        29       640    0.9687    0.9865    0.9933    0.8333   0.02181    0.0136  0.003992
   239/299     0.61G   0.02881   0.02025  0.006017   0.05508        19       640    0.9895    0.9724    0.9941    0.8331   0.02192   0.01354   0.00399
   240/299     0.61G   0.02828   0.02046  0.005951   0.05469        22       640    0.9895    0.9744    0.9942    0.8299   0.02215    0.0136  0.004011
   241/299     0.61G   0.02861   0.02053  0.006161    0.0553        11       640    0.9805    0.9852    0.9943    0.8307   0.02202   0.01352  0.003986
   242/299     0.61G   0.02781   0.02013  0.005673   0.05361        40       640    0.9872    0.9732    0.9944    0.8331    0.0218   0.01353  0.003996
   243/299     0.61G   0.02852   0.02104  0.006169   0.05573        14       640    0.9851    0.9834     0.994     0.832   0.02183   0.01357  0.003993
   244/299     0.61G   0.02802   0.02077  0.005637   0.05443        21       640    0.9864    0.9815    0.9937    0.8303   0.02174   0.01353  0.004001
   245/299     0.61G   0.02737   0.02022  0.005767   0.05335        17       640    0.9849    0.9752     0.994    0.8267   0.02173   0.01344  0.003976
   246/299     0.61G   0.02847   0.02051  0.006152   0.05513        13       640    0.9784    0.9895     0.995    0.8291   0.02176   0.01339  0.003962
   247/299     0.61G   0.02838    0.0195  0.006147   0.05403        15       640    0.9871    0.9808    0.9944    0.8293   0.02184   0.01348  0.003971
   248/299     0.61G   0.02784   0.01985  0.005818   0.05351        15       640    0.9899    0.9782    0.9948     0.829   0.02187   0.01356  0.003972
   249/299     0.61G   0.02735   0.02005  0.005648   0.05305        22       640    0.9811    0.9866    0.9949    0.8321   0.02174   0.01343  0.003973
   250/299     0.61G   0.02715    0.0195   0.00553   0.05218        10       640    0.9812    0.9888    0.9942     0.837   0.02156   0.01321  0.003948
   251/299     0.61G   0.02794   0.02032  0.005909   0.05417        14       640    0.9804    0.9914    0.9941    0.8344   0.02176   0.01343  0.003952
   252/299     0.61G    0.0282   0.02029  0.005902   0.05439        34       640    0.9857    0.9845     0.994    0.8332   0.02177   0.01342  0.003968
   253/299     0.61G   0.02828   0.02122  0.005872   0.05537        21       640    0.9835    0.9875    0.9944    0.8367   0.02149   0.01326  0.003978
   254/299     0.61G   0.02821   0.01992  0.005785   0.05391        28       640    0.9825    0.9894    0.9939     0.833   0.02165   0.01339  0.003989
   255/299     0.61G   0.02828   0.01975  0.006058   0.05409        35       640    0.9796    0.9886    0.9938     0.835   0.02151   0.01325  0.003956
   256/299     0.61G   0.02809   0.02057  0.005755   0.05441        20       640    0.9804    0.9888    0.9943    0.8285   0.02169   0.01337   0.00395
   257/299     0.61G   0.02762   0.02008  0.005559   0.05326        24       640    0.9756    0.9912    0.9943    0.8315   0.02167   0.01323  0.003948
   258/299     0.61G    0.0282   0.02072  0.005864   0.05479        27       640    0.9865    0.9776     0.995    0.8314   0.02183   0.01338   0.00396
   259/299     0.61G     0.027   0.01964  0.005645   0.05228        18       640    0.9877    0.9826    0.9944    0.8363   0.02148   0.01327  0.003943
   260/299     0.61G   0.02862   0.02062  0.006064    0.0553         7       640    0.9828    0.9871     0.995    0.8329   0.02159   0.01335  0.003937
   261/299     0.61G   0.02751   0.01991  0.005893   0.05331        31       640    0.9824    0.9862    0.9949    0.8371   0.02148   0.01326  0.003935
   262/299     0.61G   0.02771   0.02073  0.005649   0.05409        32       640    0.9799    0.9845    0.9943      0.84   0.02129   0.01321  0.003936
   263/299     0.61G   0.02676   0.01899  0.005331   0.05107        29       640    0.9828    0.9817    0.9946    0.8396   0.02137   0.01319  0.003914
   264/299     0.61G   0.02708   0.02053  0.005826   0.05344        26       640    0.9891    0.9815    0.9941    0.8407   0.02133   0.01321  0.003922
   265/299     0.61G   0.02755   0.02026  0.005742   0.05355        22       640    0.9837    0.9891     0.995    0.8391   0.02124   0.01318  0.003928
   266/299     0.61G   0.02782   0.02019   0.00581   0.05382        14       640    0.9813    0.9897    0.9951    0.8362   0.02138   0.01316  0.003918
   267/299     0.61G   0.02801   0.02032  0.006044   0.05437        11       640    0.9858    0.9835    0.9945    0.8391   0.02132   0.01318  0.003937
   268/299     0.61G   0.02749    0.0198  0.005683   0.05296        24       640    0.9822    0.9887    0.9952    0.8374   0.02133   0.01314  0.003928
   269/299     0.61G   0.02778    0.0201  0.006007   0.05388        12       640     0.981    0.9909    0.9952    0.8379    0.0214   0.01323  0.003941
   270/299     0.61G   0.02773    0.0202  0.006033   0.05396        19       640    0.9821    0.9898    0.9943    0.8397   0.02133   0.01317  0.003935
   271/299     0.61G   0.02686    0.0197   0.00566   0.05222        22       640    0.9835    0.9878    0.9951    0.8419   0.02121   0.01307  0.003912
   272/299     0.61G   0.02726   0.02006  0.005619   0.05294        25       640     0.983    0.9882     0.995    0.8457   0.02113   0.01313  0.003918
   273/299     0.61G   0.02672   0.01904  0.005395   0.05115        37       640    0.9853    0.9868     0.995    0.8405   0.02123    0.0131  0.003917
   274/299     0.61G   0.02726   0.02021   0.00574   0.05322        34       640    0.9801    0.9869    0.9948    0.8368   0.02126   0.01318  0.003928
   275/299     0.61G   0.02729   0.01974  0.005676   0.05271        16       640    0.9843     0.986     0.995    0.8417   0.02116   0.01311   0.00391
   276/299     0.61G   0.02707     0.019  0.005591   0.05166        12       640    0.9845    0.9862    0.9951     0.843   0.02109    0.0131  0.003902
   277/299     0.61G   0.02715   0.01999  0.005647   0.05279        30       640     0.983    0.9884     0.995    0.8437   0.02116   0.01303  0.003903
   278/299     0.61G   0.02701   0.01943  0.005424   0.05187        23       640    0.9859    0.9873    0.9952    0.8438   0.02107   0.01309  0.003923
   279/299     0.61G   0.02748   0.01959  0.005769   0.05284        14       640    0.9813    0.9872    0.9948    0.8419   0.02109   0.01302  0.003926
   280/299     0.61G   0.02788   0.01956  0.005811   0.05325        10       640    0.9841    0.9865    0.9943    0.8426   0.02105   0.01294  0.003889
   281/299     0.61G   0.02742   0.02003   0.00567   0.05311         9       640    0.9876    0.9833    0.9948    0.8435   0.02105   0.01299  0.003896
   282/299     0.61G   0.02692   0.01918  0.005538   0.05163         9       640    0.9765    0.9913    0.9951    0.8463   0.02111   0.01302  0.003914
   283/299     0.61G   0.02743   0.01986  0.005813   0.05311        16       640     0.979     0.989    0.9951    0.8474     0.021   0.01299  0.003937
   284/299     0.61G    0.0278   0.02035  0.005897   0.05405        28       640    0.9824    0.9876    0.9952    0.8475   0.02094   0.01292  0.003908
   285/299     0.61G   0.02693   0.01937  0.005527   0.05183        14       640    0.9811    0.9897    0.9947    0.8499   0.02091   0.01295  0.003918
   286/299     0.61G   0.02708   0.01984  0.005668   0.05259         8       640    0.9828    0.9875    0.9948    0.8456   0.02099   0.01292  0.003909
   287/299     0.61G   0.02764   0.01981  0.006037   0.05349        34       640    0.9822    0.9872    0.9952    0.8495   0.02095   0.01286  0.003909
   288/299     0.61G   0.02684   0.02006  0.005623   0.05251         6       640    0.9826    0.9867     0.995    0.8443   0.02101   0.01293  0.003969
   289/299     0.61G   0.02694   0.01877  0.005666   0.05137        14       640    0.9809    0.9882    0.9942    0.8451   0.02091   0.01293  0.003945
   290/299     0.61G   0.02729   0.01976  0.005566   0.05261        22       640    0.9828    0.9844     0.995    0.8456   0.02095   0.01305  0.003941
   291/299     0.61G   0.02703   0.01934  0.005571   0.05193        17       640    0.9835    0.9889    0.9951     0.849   0.02098   0.01295  0.003918
   292/299     0.61G   0.02734   0.01946  0.005903    0.0527        19       640     0.981    0.9855     0.995    0.8483   0.02087   0.01289  0.003901
   293/299     0.61G   0.02761   0.01968   0.00572   0.05301        18       640    0.9787     0.988    0.9951    0.8496   0.02076   0.01279  0.003885
   294/299     0.61G   0.02713   0.02047  0.005651   0.05325        20       640    0.9875    0.9837    0.9951    0.8497   0.02093   0.01289  0.003902
   295/299     0.61G    0.0277   0.02041  0.006093    0.0542        16       640    0.9849    0.9807    0.9951    0.8454     0.021   0.01289   0.00393
   296/299     0.61G   0.02688   0.01939  0.005515   0.05178        34       640    0.9765    0.9906    0.9952    0.8479    0.0209   0.01283  0.003925
   297/299     0.61G   0.02768   0.01955  0.005767   0.05299        16       640    0.9888     0.978    0.9951    0.8472   0.02092   0.01289  0.003905
   298/299     0.61G   0.02798   0.01932  0.006187   0.05349        10       640    0.9835    0.9861    0.9953    0.8476     0.021   0.01293  0.003898
   299/299     0.61G   0.02689   0.01936  0.005515   0.05176         5       640    0.9876    0.9866    0.9953    0.8477   0.02098   0.01292  0.003908
