     0/299    0.501G    0.1039   0.05425   0.03817    0.1963        18       640  0.003677   0.02126  0.000763 0.0001197   0.09942   0.05268   0.04177
     1/299    0.501G   0.09257   0.05921   0.03499    0.1868        10       640  0.007133   0.06808  0.002415  0.000329   0.08934   0.04837   0.03404
     2/299      0.7G   0.08815   0.05542   0.03299    0.1766         9       640   0.06338    0.2066   0.03923  0.006122   0.08361   0.05105   0.03054
     3/299    0.816G    0.0833   0.05326   0.03132    0.1679        20       640    0.1215    0.1921    0.0761    0.0139   0.07444   0.04583   0.02797
     4/299    0.816G   0.07769   0.05084   0.02856    0.1571        12       640    0.1535    0.2585    0.1065   0.01904   0.07908   0.04521   0.02299
     5/299    0.816G   0.07491    0.0473   0.02501    0.1472        22       640    0.1378    0.2465    0.1114   0.02393   0.07301   0.04721   0.02121
     6/299    0.816G   0.07121   0.04633   0.02158    0.1391        23       640    0.3322    0.4743    0.3257   0.07722   0.06296   0.03813   0.01505
     7/299    0.816G   0.06938    0.0453    0.0192    0.1339        15       640    0.4534     0.643    0.4878    0.1327   0.05798   0.03862   0.01242
     8/299    0.816G   0.06529   0.04388   0.01777    0.1269        25       640    0.3676    0.5603    0.3674    0.0838     0.063   0.03635   0.01143
     9/299    0.816G   0.06538   0.04323   0.01674    0.1253         8       640    0.4921    0.5566    0.4938    0.1476   0.05714   0.03348   0.01066
    10/299    0.816G   0.06301    0.0422   0.01548    0.1207        20       640    0.7149    0.7255    0.7312     0.265   0.05324   0.03153  0.009968
    11/299    0.816G   0.05953   0.04056   0.01431    0.1144        15       640    0.6611    0.6696    0.6921    0.2305   0.05333   0.03105  0.009517
    12/299    0.816G   0.05994   0.03963   0.01362    0.1132         6       640    0.7665    0.7462    0.8092    0.3433   0.04761   0.02998  0.008404
    13/299    0.816G   0.05742   0.03994   0.01329    0.1107         9       640    0.6884    0.7811    0.7655    0.2822   0.05194   0.02916  0.007766
    14/299    0.816G   0.05555   0.03894   0.01292    0.1074        20       640    0.6941    0.6557     0.724    0.2796   0.04851   0.03011  0.008349
    15/299    0.816G   0.05539   0.03901   0.01239    0.1068        17       640    0.7237    0.8025     0.802    0.2822   0.04915   0.02861   0.00704
    16/299    0.816G   0.05307   0.03845    0.0114    0.1029        12       640    0.7703    0.7855    0.8407    0.3495   0.04527   0.02821  0.006882
    17/299    0.816G   0.05178   0.03695   0.01132       0.1        16       640    0.7457    0.7857    0.7876    0.2598   0.05019   0.02796   0.00663
    18/299    0.816G   0.05296   0.03612   0.01055   0.09963        17       640    0.8059    0.8299      0.88    0.4146   0.04348   0.02677   0.00617
    19/299    0.816G   0.05061   0.03709   0.01075   0.09845        24       640    0.8716    0.8243    0.9013    0.4386   0.04209   0.02634  0.006227
    20/299    0.816G   0.05043   0.03681   0.01018   0.09742        26       640    0.8341    0.8526    0.8964    0.3941   0.04353   0.02671   0.00594
    21/299    0.816G    0.0505   0.03617  0.009972   0.09665        20       640    0.8586    0.8545    0.9107    0.4564    0.0408    0.0262   0.00577
    22/299    0.818G   0.04867   0.03463   0.01016   0.09346        18       640    0.8749    0.8366    0.9103    0.4626    0.0402   0.02569  0.005748
    23/299    0.818G   0.04899   0.03498   0.01007   0.09404        19       640    0.8639      0.85    0.9013    0.4228   0.04222   0.02656   0.00588
    24/299    0.818G   0.04796   0.03455   0.00966   0.09217        21       640    0.8959    0.8915    0.9328     0.505    0.0381   0.02474   0.00562
    25/299    0.818G    0.0464   0.03414  0.009141   0.08969        11       640    0.8653    0.8467    0.9125    0.4795   0.03844   0.02566  0.005597
    26/299    0.818G   0.04721   0.03425  0.009296   0.09076        12       640    0.9105    0.8708    0.9324    0.4882   0.03798   0.02468   0.00542
    27/299    0.818G   0.04543   0.03352  0.009142    0.0881        16       640    0.9211    0.8582    0.9352    0.4899   0.03833   0.02404  0.005216
    28/299    0.818G   0.04672   0.03351  0.009178   0.08941        21       640    0.9197    0.8767    0.9421    0.5349   0.03717   0.02411  0.005147
    29/299    0.818G   0.04585   0.03331  0.008966   0.08813        17       640    0.8982    0.9071    0.9466    0.5464   0.03588   0.02377  0.005092
    30/299    0.818G   0.04586   0.03286   0.00911   0.08783        16       640    0.8767    0.8757    0.9332    0.4881   0.03815   0.02465  0.005236
    31/299    0.818G   0.04602   0.03363  0.008893   0.08855        14       640    0.9135    0.8626      0.94     0.497   0.03833    0.0242  0.005209
    32/299    0.818G   0.04468   0.03273  0.008696   0.08611        16       640    0.9269    0.8957    0.9496    0.5648   0.03492   0.02352  0.004991
    33/299    0.818G   0.04366   0.03294  0.008553   0.08516        18       640    0.9211    0.9099    0.9559    0.5539   0.03495   0.02318  0.004989
    34/299    0.818G   0.04255   0.03192  0.008356   0.08283        10       640    0.9139    0.9094    0.9483    0.5319   0.03626   0.02339  0.004911
    35/299    0.818G   0.04345   0.03245   0.00833   0.08422         6       640    0.9147    0.9101    0.9484    0.5322   0.03653   0.02301  0.004857
    36/299    0.818G   0.04454    0.0324  0.008507   0.08546        15       640    0.9112     0.911    0.9524    0.5575   0.03535   0.02308  0.004992
    37/299    0.818G   0.04341   0.03255  0.008396   0.08436        16       640    0.9212    0.9118    0.9594    0.5639   0.03418   0.02278  0.004843
    38/299    0.818G   0.04255   0.03186  0.007889    0.0823        23       640    0.9313    0.9227     0.958    0.5651    0.0351   0.02291  0.004847
    39/299    0.818G   0.04282   0.03187  0.008313     0.083        17       640    0.9316    0.9289    0.9652    0.5811    0.0342   0.02266  0.004673
    40/299    0.818G   0.04185   0.03122  0.007969   0.08104        27       640    0.9157    0.9196    0.9586    0.5846   0.03333   0.02229  0.004683
    41/299    0.818G   0.04132   0.03208  0.007926   0.08132        18       640    0.9371    0.9114    0.9611    0.5725   0.03399   0.02201  0.004661
    42/299    0.818G   0.04154   0.03207  0.007923   0.08153        17       640    0.9517    0.9158    0.9666    0.5847   0.03352   0.02177  0.004528
    43/299    0.818G   0.04219    0.0309  0.007583   0.08068        18       640    0.9268    0.9418    0.9675    0.5992    0.0327   0.02168  0.004626
    44/299    0.818G   0.04185   0.03196  0.007801   0.08161        14       640    0.9423    0.9185     0.967     0.602   0.03241   0.02143  0.004565
    45/299    0.818G    0.0413   0.03177  0.007579   0.08064        19       640    0.9421    0.9328    0.9706    0.5785    0.0335   0.02151  0.004551
    46/299    0.818G   0.04124   0.03144  0.007719   0.08041        22       640    0.9351    0.9225    0.9619    0.6143   0.03251   0.02141  0.004514
    47/299    0.818G   0.04057   0.03133  0.007728   0.07963        17       640    0.9542    0.9109    0.9698      0.61   0.03186   0.02115  0.004394
    48/299    0.818G   0.03994   0.02999  0.007411   0.07733        10       640    0.9291    0.9343     0.969    0.5871   0.03256   0.02146  0.004429
    49/299    0.818G    0.0399    0.0314  0.007409   0.07871         9       640    0.9338    0.9313    0.9686    0.6264   0.03153   0.02121  0.004447
    50/299    0.818G   0.04087    0.0316  0.007653   0.08011         9       640    0.9473    0.9305    0.9722    0.6192   0.03215   0.02099  0.004438
    51/299    0.818G   0.03951    0.0302  0.007325   0.07703        10       640    0.9424    0.9453    0.9744    0.6236   0.03149    0.0208   0.00438
    52/299    0.818G   0.03993   0.03104  0.007264   0.07824        10       640    0.9516    0.9322     0.972    0.6146   0.03155   0.02084  0.004222
    53/299    0.818G   0.04013   0.03034  0.007163   0.07763        15       640    0.9377    0.9435    0.9741    0.6403   0.03075   0.02058  0.004326
    54/299    0.818G   0.03956   0.03027  0.007098   0.07693        19       640    0.9399    0.9475    0.9736    0.6514   0.03023   0.02052  0.004347
    55/299    0.818G   0.03896   0.02977   0.00735   0.07608        21       640    0.9353    0.9284    0.9679    0.6316   0.03041   0.02045  0.004253
    56/299    0.818G   0.03876   0.03019   0.00715    0.0761         9       640    0.9447    0.9483    0.9766    0.6218   0.03111   0.02015  0.004178
    57/299    0.818G   0.03853   0.02878  0.007395   0.07471        19       640    0.9525    0.9293    0.9758    0.6437   0.03052   0.02015  0.004262
    58/299    0.818G   0.03856   0.02964  0.007019   0.07522        14       640    0.9448    0.9381    0.9761    0.6437   0.03018    0.0198    0.0042
    59/299    0.818G   0.03796   0.02875  0.006963   0.07367        10       640    0.9458    0.9469    0.9768    0.6397   0.03042   0.01991  0.004194
    60/299    0.818G   0.03854   0.02945   0.00729   0.07528         5       640    0.9579    0.9447    0.9777    0.6473   0.03012   0.01985  0.004198
    61/299    0.818G   0.03859   0.02854  0.007103   0.07423         9       640    0.9518    0.9453     0.978    0.6576   0.02957   0.01971  0.004133
    62/299    0.818G   0.03838   0.02988  0.006992   0.07524        11       640    0.9597    0.9366    0.9777     0.664   0.02925   0.01974  0.004176
    63/299    0.818G   0.03885   0.02856  0.006886   0.07429        27       640    0.9479    0.9478      0.98    0.6543   0.02994   0.01998  0.004128
    64/299    0.818G   0.03851   0.02961  0.006959   0.07509        15       640    0.9577    0.9413    0.9774    0.6455   0.03009   0.01983  0.004209
    65/299    0.818G   0.03788   0.02881  0.007118    0.0738        15       640    0.9441    0.9448    0.9766    0.6483   0.02984   0.01997  0.004202
    66/299    0.818G   0.03794   0.02933  0.006785   0.07406        20       640    0.9505    0.9485    0.9788    0.6673   0.02927   0.01975  0.004135
    67/299    0.818G   0.03728   0.02895  0.007199   0.07342        19       640    0.9613    0.9439    0.9813    0.6767    0.0285   0.01919  0.004041
    68/299    0.818G   0.03759   0.02884  0.006932   0.07336        19       640    0.9577    0.9483    0.9815    0.6698   0.02928   0.01931  0.004072
    69/299    0.818G   0.03699   0.02909  0.006776   0.07286        13       640    0.9529    0.9553    0.9822    0.6646   0.02932   0.01891  0.004019
    70/299    0.818G   0.03684   0.02822  0.006709   0.07177        14       640    0.9671    0.9501    0.9818    0.6694    0.0295   0.01914  0.004013
    71/299    0.818G   0.03646   0.02833  0.006707    0.0715        19       640    0.9563    0.9497    0.9827    0.6756   0.02848   0.01894  0.004067
    72/299    0.818G   0.03648   0.02838  0.007065   0.07192        14       640    0.9595    0.9488    0.9824     0.681    0.0287   0.01896   0.00408
    73/299    0.818G   0.03681   0.02881  0.006597   0.07222        18       640    0.9613    0.9535    0.9845    0.6868   0.02806    0.0188  0.003983
    74/299    0.818G   0.03691   0.02815   0.00645   0.07151        26       640    0.9633     0.952    0.9835    0.6898   0.02796   0.01884  0.003998
    75/299    0.818G   0.03627   0.02792  0.006606   0.07079        20       640    0.9447    0.9632     0.984     0.692   0.02772   0.01858  0.003995
    76/299    0.818G   0.03701   0.02883  0.006573   0.07241        11       640     0.962    0.9631    0.9851    0.6964    0.0279   0.01871  0.004026
    77/299    0.818G   0.03599    0.0284  0.006414    0.0708        19       640    0.9649     0.957     0.985    0.6964   0.02735   0.01827  0.003898
    78/299    0.818G   0.03604   0.02681  0.006325   0.06918        15       640    0.9585    0.9606    0.9836    0.6867   0.02759   0.01841  0.003882
    79/299    0.818G   0.03591   0.02805  0.006271   0.07024        17       640    0.9647    0.9582    0.9864    0.7055   0.02735   0.01857  0.003962
    80/299    0.818G   0.03526   0.02794  0.006412   0.06961        23       640    0.9571    0.9547    0.9837    0.6983   0.02711   0.01828  0.003844
    81/299    0.818G   0.03499   0.02734  0.006203   0.06853        10       640    0.9505    0.9703    0.9878    0.6939   0.02752   0.01806   0.00385
    82/299    0.818G    0.0356   0.02685  0.006631   0.06908         9       640    0.9652    0.9598    0.9869    0.7002   0.02731   0.01819  0.003928
    83/299    0.818G   0.03563   0.02744  0.006376   0.06945         5       640    0.9579    0.9628     0.986    0.6953   0.02726   0.01815   0.00382
    84/299    0.818G   0.03589   0.02825  0.006319   0.07045        22       640    0.9681    0.9607    0.9863    0.7112   0.02677   0.01801    0.0038
    85/299    0.818G   0.03508   0.02751  0.006444   0.06903        18       640    0.9665    0.9659    0.9864     0.703   0.02715   0.01796  0.003873
    86/299    0.818G   0.03523   0.02711  0.006283   0.06862        15       640    0.9683    0.9535    0.9874    0.7086   0.02708   0.01789  0.003826
    87/299    0.818G   0.03446   0.02774  0.006323   0.06852        20       640    0.9546    0.9661    0.9877    0.7171   0.02647   0.01791  0.003815
    88/299    0.818G   0.03435   0.02735  0.006565   0.06827        22       640    0.9538    0.9732    0.9867    0.7117   0.02626   0.01763  0.003773
    89/299    0.818G   0.03451   0.02685  0.006242    0.0676        25       640    0.9722    0.9641    0.9869    0.7124   0.02629   0.01791   0.00373
    90/299    0.818G   0.03472   0.02726  0.006389   0.06837        17       640    0.9708    0.9665    0.9888    0.7252     0.026   0.01734  0.003755
    91/299    0.818G   0.03485   0.02702  0.006327    0.0682        21       640    0.9721    0.9631    0.9893    0.7232   0.02616   0.01742   0.00376
    92/299    0.818G   0.03455   0.02646   0.00623   0.06724        18       640    0.9593    0.9715    0.9895    0.7184   0.02631   0.01744  0.003736
    93/299    0.818G   0.03466   0.02804   0.00654   0.06924        13       640     0.964    0.9778    0.9902    0.7248   0.02577    0.0174  0.003698
    94/299    0.818G   0.03385   0.02653   0.00609   0.06648        15       640    0.9662    0.9735    0.9904    0.7112   0.02635   0.01724  0.003658
    95/299    0.818G   0.03548   0.02658  0.006379   0.06844        15       640    0.9786    0.9591    0.9903    0.7222   0.02646   0.01744  0.003749
    96/299    0.818G   0.03398   0.02615  0.006351   0.06648        14       640     0.965    0.9718    0.9899    0.7257   0.02593   0.01734  0.003716
    97/299    0.818G   0.03411   0.02674  0.006207   0.06705        14       640    0.9568    0.9717    0.9885    0.7229   0.02611    0.0175  0.003724
    98/299    0.818G   0.03379   0.02588  0.006054   0.06572         8       640    0.9659    0.9669    0.9891    0.7228   0.02591   0.01725  0.003692
    99/299    0.818G   0.03364   0.02569  0.005979   0.06531        18       640    0.9603    0.9728    0.9888      0.73   0.02537   0.01698  0.003656
   100/299    0.818G   0.03318    0.0256  0.005897   0.06468        35       640    0.9664     0.967     0.989    0.7323   0.02528   0.01703  0.003716
   101/299    0.818G    0.0332    0.0261  0.006159   0.06546         8       640    0.9663    0.9733    0.9906    0.7407   0.02507   0.01692  0.003648
   102/299    0.818G   0.03389   0.02665  0.006243   0.06678         8       640    0.9609    0.9727    0.9896    0.7282   0.02607   0.01712  0.003695
   103/299    0.818G   0.03364   0.02619  0.006049   0.06588        15       640     0.966    0.9689    0.9905    0.7363   0.02529     0.017  0.003604
   104/299    0.818G   0.03267   0.02524  0.006054   0.06397         7       640     0.967     0.975    0.9901    0.7312   0.02518   0.01688  0.003638
   105/299    0.818G   0.03334   0.02532   0.00602   0.06467        12       640    0.9744    0.9747    0.9916    0.7506   0.02455   0.01656  0.003625
   106/299    0.818G   0.03256   0.02606  0.006036   0.06466        26       640    0.9672    0.9834    0.9915    0.7447   0.02506   0.01671  0.003658
   107/299    0.818G   0.03277    0.0258  0.005749   0.06432         9       640    0.9691    0.9768    0.9921    0.7494    0.0248   0.01653  0.003627
   108/299    0.818G   0.03261   0.02541  0.005899   0.06391         7       640    0.9704    0.9756    0.9913    0.7456   0.02468   0.01657  0.003576
   109/299    0.818G   0.03268   0.02537  0.005954     0.064        14       640     0.975    0.9749     0.991    0.7485   0.02475   0.01646  0.003618
   110/299    0.818G   0.03262   0.02639  0.005909   0.06493        10       640    0.9729    0.9695    0.9899    0.7423   0.02471   0.01656  0.003618
   111/299    0.818G   0.03336    0.0261  0.005885   0.06535        17       640    0.9679    0.9807    0.9911    0.7492   0.02458   0.01649  0.003596
   112/299    0.818G   0.03209   0.02565  0.005743   0.06348         7       640    0.9711    0.9733    0.9905    0.7482   0.02452    0.0165  0.003589
   113/299    0.818G   0.03251   0.02526  0.005898   0.06366        20       640    0.9735    0.9787    0.9914    0.7413    0.0251   0.01643  0.003575
   114/299    0.818G   0.03297   0.02582  0.006044   0.06484        19       640    0.9644      0.98    0.9906    0.7457   0.02453   0.01654  0.003621
   115/299    0.818G    0.0323   0.02513  0.005937   0.06336         8       640    0.9808    0.9704    0.9918    0.7583    0.0241   0.01627  0.003575
   116/299    0.818G   0.03197   0.02516  0.005592   0.06272        12       640    0.9716    0.9816    0.9928    0.7491   0.02481   0.01641  0.003572
   117/299    0.818G    0.0322   0.02515  0.005943   0.06329         8       640    0.9725    0.9809    0.9916     0.757   0.02422    0.0163  0.003604
   118/299    0.818G   0.03244   0.02511  0.005998   0.06356        18       640    0.9702    0.9802    0.9915     0.758   0.02405   0.01618   0.00355
   119/299    0.818G   0.03274   0.02508  0.005913   0.06373        17       640    0.9742    0.9791    0.9919    0.7624    0.0239   0.01611  0.003547
   120/299    0.818G   0.03242   0.02549  0.005914   0.06382        22       640    0.9732    0.9803    0.9921    0.7635   0.02381   0.01603  0.003534
   121/299    0.818G   0.03142   0.02481  0.005725   0.06196        11       640    0.9719    0.9804    0.9919    0.7606   0.02355   0.01588  0.003502
   122/299    0.818G   0.03234   0.02536  0.005827   0.06353        16       640     0.973    0.9827    0.9918    0.7606   0.02415   0.01605  0.003541
   123/299    0.818G   0.03169   0.02548  0.006017   0.06319        15       640    0.9752    0.9772    0.9924    0.7612   0.02386   0.01602  0.003492
   124/299    0.818G   0.03238   0.02525  0.005937   0.06356        13       640    0.9708    0.9821    0.9919    0.7635   0.02366   0.01593  0.003521
   125/299    0.818G   0.03159   0.02472  0.005634   0.06194        19       640    0.9723    0.9787    0.9919    0.7572   0.02386   0.01596  0.003577
   126/299    0.818G   0.03148   0.02517  0.005745   0.06239        11       640    0.9745    0.9801    0.9915    0.7628   0.02375   0.01579  0.003481
   127/299    0.818G    0.0321   0.02451  0.005979   0.06259        11       640    0.9735    0.9816    0.9925     0.765   0.02349   0.01581  0.003519
   128/299    0.818G   0.03187   0.02453  0.005795   0.06219        11       640    0.9742    0.9819    0.9926    0.7698   0.02334   0.01583  0.003541
   129/299    0.818G   0.03066   0.02472  0.005392   0.06077         7       640    0.9656    0.9847    0.9923    0.7651    0.0238   0.01593  0.003485
   130/299    0.818G   0.03177   0.02469  0.005777   0.06223        10       640    0.9773    0.9783    0.9925    0.7716   0.02336   0.01583  0.003522
   131/299    0.818G   0.03122    0.0254  0.005676   0.06229        21       640    0.9619    0.9846    0.9912    0.7727   0.02318   0.01564  0.003471
   132/299    0.818G   0.03082   0.02437  0.005511    0.0607        18       640    0.9689    0.9808    0.9914     0.765    0.0234   0.01578   0.00343
   133/299    0.818G   0.03043   0.02417  0.005678   0.06028        13       640     0.967    0.9869    0.9923    0.7789   0.02306   0.01549  0.003445
   134/299    0.818G   0.03094   0.02515  0.005664   0.06175        14       640    0.9737    0.9729    0.9925    0.7679   0.02351   0.01564  0.003456
   135/299    0.818G   0.03078   0.02492  0.005494    0.0612        23       640    0.9707    0.9871    0.9923    0.7734   0.02324   0.01562  0.003454
   136/299    0.818G   0.03045   0.02345   0.00553   0.05943        16       640    0.9718    0.9813    0.9933    0.7745   0.02302   0.01533  0.003447
   137/299    0.818G   0.03111   0.02459  0.005762   0.06146        24       640     0.974    0.9799    0.9924    0.7777   0.02305   0.01536  0.003419
   138/299    0.818G   0.03045    0.0239  0.005577   0.05993         9       640    0.9731    0.9795    0.9922    0.7744   0.02305    0.0155  0.003371
   139/299    0.818G    0.0317   0.02478  0.005909   0.06238         8       640    0.9746    0.9844    0.9928     0.774   0.02333   0.01548  0.003466
   140/299    0.818G   0.03092   0.02406  0.005438   0.06042        13       640    0.9685    0.9832    0.9915    0.7778   0.02278    0.0154   0.00342
   141/299    0.818G   0.03021   0.02426  0.005416   0.05989         7       640    0.9761    0.9809    0.9921    0.7789    0.0226   0.01529  0.003403
   142/299    0.818G   0.03021   0.02434  0.005389   0.05994         9       640    0.9699    0.9833     0.992    0.7797   0.02271   0.01534  0.003387
   143/299    0.818G   0.03061   0.02412  0.005674   0.06041         6       640    0.9708    0.9838    0.9925    0.7867   0.02253   0.01523  0.003421
   144/299    0.818G   0.03021    0.0237   0.00548   0.05939        12       640    0.9756    0.9755    0.9931    0.7864   0.02249   0.01509  0.003395
   145/299    0.818G   0.03053   0.02409  0.005523   0.06015        17       640    0.9732    0.9828    0.9936    0.7865   0.02231   0.01511  0.003384
   146/299    0.818G   0.02953   0.02388  0.005496   0.05891        13       640    0.9806    0.9748    0.9926     0.784   0.02242   0.01512   0.00336
   147/299    0.818G   0.02977   0.02411  0.005448   0.05933        16       640    0.9765     0.982    0.9922    0.7889    0.0222   0.01508  0.003342
   148/299    0.818G   0.03035   0.02419  0.005622   0.06016        23       640    0.9778    0.9803    0.9924    0.7894   0.02212   0.01509  0.003364
   149/299    0.818G   0.03056   0.02378  0.005715   0.06005        26       640    0.9762    0.9795    0.9933    0.7934   0.02214   0.01498  0.003342
   150/299    0.818G   0.02918    0.0237  0.005346   0.05823        11       640    0.9801    0.9843    0.9935    0.7945   0.02209    0.0149  0.003396
   151/299    0.818G   0.02941   0.02314  0.005325   0.05788        23       640    0.9757    0.9856    0.9933     0.792    0.0221   0.01501  0.003361
   152/299    0.818G    0.0304   0.02413  0.005708   0.06024        16       640    0.9794    0.9799    0.9934    0.7936   0.02205   0.01498   0.00338
   153/299    0.818G   0.02997   0.02395  0.005396   0.05932        26       640    0.9744    0.9834     0.992    0.7929   0.02215   0.01493  0.003347
   154/299    0.818G    0.0295   0.02368  0.005579   0.05876        17       640    0.9762    0.9819    0.9931    0.7942   0.02184   0.01481   0.00334
   155/299    0.818G   0.02998    0.0239  0.005585   0.05947        17       640    0.9797     0.982    0.9931     0.796   0.02189   0.01483  0.003357
   156/299    0.818G   0.02949    0.0235  0.005387   0.05838        11       640    0.9743    0.9866    0.9932     0.795   0.02179   0.01475  0.003321
   157/299    0.818G   0.02997   0.02369  0.005519   0.05918        20       640    0.9749    0.9862    0.9931    0.7986   0.02167   0.01471  0.003343
   158/299    0.818G   0.02974   0.02326  0.005572   0.05857         5       640    0.9822    0.9799    0.9941    0.8025   0.02168   0.01473  0.003316
   159/299    0.818G   0.02934   0.02241  0.005385   0.05713        13       640    0.9793    0.9837    0.9934    0.7994   0.02178   0.01463  0.003337
   160/299    0.818G   0.02987   0.02398  0.005556    0.0594         9       640    0.9803    0.9814    0.9937    0.7983   0.02175   0.01484  0.003365
   161/299    0.818G   0.02982   0.02367  0.005655   0.05915        16       640    0.9737    0.9871    0.9941    0.8018   0.02153   0.01462   0.00331
   162/299    0.818G   0.02872   0.02319  0.005263   0.05717         7       640    0.9778    0.9836    0.9942    0.8037   0.02155   0.01466    0.0033
   163/299    0.818G   0.02918   0.02257  0.005625   0.05738         9       640    0.9815    0.9831    0.9942     0.804   0.02141   0.01446  0.003281
   164/299    0.818G   0.02917   0.02315  0.005295   0.05762        12       640    0.9799    0.9818    0.9935    0.8002   0.02163   0.01461  0.003312
   165/299    0.818G    0.0289   0.02258   0.00534   0.05681         8       640    0.9774    0.9844    0.9938    0.8039   0.02146   0.01452  0.003294
   166/299    0.818G   0.02912     0.024  0.005362   0.05848        22       640    0.9764    0.9872    0.9935    0.7995    0.0216   0.01461  0.003278
   167/299    0.818G   0.02936    0.0225  0.005279   0.05714        12       640    0.9824    0.9835    0.9931    0.8003   0.02142   0.01447  0.003302
   168/299    0.818G    0.0288    0.0225   0.00529   0.05659        12       640    0.9809    0.9839    0.9936    0.8006   0.02148   0.01453  0.003301
   169/299    0.818G   0.02917   0.02268  0.005613   0.05747         9       640    0.9768    0.9841    0.9937    0.8052   0.02134    0.0143  0.003303
   170/299    0.818G   0.02836   0.02214  0.005221   0.05572        16       640    0.9778    0.9869    0.9937    0.8057   0.02125   0.01434   0.00326
   171/299    0.818G   0.02774   0.02306  0.005148   0.05596        10       640    0.9771    0.9843    0.9934    0.8084   0.02107   0.01427  0.003269
   172/299    0.818G   0.02863   0.02291  0.005249   0.05679        10       640    0.9739    0.9858    0.9941    0.8042   0.02111   0.01418  0.003267
   173/299    0.818G   0.02915   0.02323  0.005581   0.05796        13       640     0.986    0.9786    0.9938    0.8123   0.02093   0.01414  0.003294
   174/299    0.818G   0.02863   0.02319  0.005292   0.05712        16       640    0.9838    0.9823    0.9938    0.8086   0.02107   0.01428  0.003281
   175/299    0.818G    0.0284   0.02197  0.005284   0.05565        11       640    0.9787    0.9867    0.9938      0.81   0.02088   0.01418  0.003268
   176/299    0.818G   0.02851   0.02262  0.005235   0.05636        17       640    0.9772    0.9892    0.9946    0.8114   0.02108   0.01419   0.00324
   177/299    0.818G   0.02871   0.02304  0.005301   0.05705         9       640    0.9784    0.9866    0.9941    0.8149   0.02087   0.01414  0.003251
   178/299    0.818G   0.02871   0.02354  0.005576   0.05782        21       640     0.985    0.9812    0.9941    0.8101   0.02101   0.01418   0.00324
   179/299    0.818G   0.02862   0.02327  0.005527   0.05741        16       640    0.9814    0.9827     0.994    0.8134   0.02079    0.0141  0.003251
   180/299    0.818G   0.02848    0.0229  0.005356   0.05674        15       640    0.9837    0.9784    0.9939    0.8147   0.02081   0.01417  0.003248
   181/299    0.818G   0.02791   0.02277  0.005195   0.05587        18       640    0.9829     0.984    0.9944    0.8125   0.02087   0.01421  0.003281
   182/299    0.818G   0.02792   0.02305   0.00525   0.05622         7       640    0.9785    0.9872    0.9938    0.8138   0.02079   0.01408  0.003261
   183/299    0.818G   0.02842   0.02279  0.005347   0.05655        20       640    0.9753    0.9878    0.9942    0.8146   0.02072   0.01399  0.003232
   184/299    0.818G   0.02868   0.02258  0.005537    0.0568        17       640    0.9838    0.9831    0.9945    0.8137   0.02074   0.01403  0.003225
   185/299    0.818G   0.02814   0.02225  0.005388   0.05578        12       640    0.9819    0.9833    0.9945    0.8202   0.02061   0.01385  0.003203
   186/299    0.818G   0.02841    0.0227  0.005384    0.0565        15       640    0.9804    0.9879    0.9945     0.818   0.02053   0.01383   0.00325
   187/299    0.818G   0.02846   0.02249  0.005597   0.05655        18       640    0.9805    0.9886    0.9942    0.8184   0.02038   0.01379  0.003216
   188/299    0.818G   0.02807   0.02199  0.005326   0.05538        22       640    0.9788    0.9873    0.9944    0.8183   0.02037    0.0138  0.003214
   189/299    0.818G   0.02753   0.02199  0.005155   0.05467         5       640    0.9776    0.9871    0.9941     0.819   0.02038   0.01385  0.003185
   190/299    0.818G   0.02791   0.02214  0.005353    0.0554         6       640    0.9843    0.9791    0.9941    0.8261   0.02016   0.01376  0.003197
   191/299    0.818G   0.02743   0.02288  0.005145   0.05546        21       640    0.9821    0.9806    0.9943    0.8244   0.02018   0.01377  0.003183
   192/299    0.818G   0.02739   0.02263  0.005223   0.05525        30       640    0.9829    0.9805    0.9937    0.8217   0.02015   0.01373  0.003185
   193/299    0.818G   0.02805   0.02253   0.00523   0.05581        14       640    0.9831    0.9805    0.9943    0.8173   0.02044   0.01389  0.003202
   194/299    0.818G   0.02739   0.02119  0.005081   0.05366        14       640    0.9829    0.9865    0.9942    0.8266   0.02006   0.01353  0.003179
   195/299    0.818G   0.02764   0.02192  0.005026   0.05458         8       640    0.9832    0.9865    0.9938    0.8214   0.02022   0.01378  0.003206
   196/299    0.818G   0.02752   0.02225  0.005223   0.05499        19       640    0.9786    0.9891    0.9941    0.8225   0.02022   0.01365  0.003178
   197/299    0.818G   0.02714   0.02189  0.005116   0.05415        12       640    0.9785    0.9881    0.9944    0.8256   0.02003   0.01357   0.00318
   198/299    0.818G   0.02769   0.02155  0.005058   0.05429        19       640    0.9812    0.9868    0.9943    0.8257   0.02015   0.01359  0.003171
   199/299    0.818G   0.02731   0.02144  0.005187   0.05394         9       640    0.9852    0.9807    0.9945    0.8243   0.01999   0.01358  0.003166
   200/299    0.818G   0.02695   0.02207  0.005064   0.05408        14       640    0.9791    0.9861    0.9944    0.8277   0.01987   0.01344  0.003152
   201/299    0.818G   0.02699   0.02116  0.004922   0.05308        15       640    0.9819     0.986    0.9939    0.8243   0.01991   0.01355  0.003143
   202/299    0.818G   0.02715   0.02184  0.005176   0.05417        28       640    0.9809    0.9877    0.9943    0.8293   0.01979   0.01342   0.00314
   203/299    0.818G   0.02756   0.02223  0.005182   0.05497        20       640    0.9809    0.9879    0.9947    0.8308   0.01974   0.01346  0.003156
   204/299    0.818G   0.02749   0.02224  0.005054   0.05478         8       640    0.9823    0.9875    0.9947    0.8288   0.01987   0.01348  0.003141
   205/299    0.818G   0.02677   0.02181  0.004942   0.05352        20       640    0.9854    0.9825    0.9943    0.8294   0.01973   0.01338   0.00316
   206/299    0.818G   0.02728   0.02229  0.005286   0.05486        13       640    0.9801    0.9906    0.9949    0.8323   0.01976    0.0134  0.003144
   207/299    0.818G    0.0271   0.02142  0.005127   0.05365        21       640    0.9808    0.9883    0.9946    0.8304   0.01964   0.01333  0.003145
   208/299    0.818G   0.02693   0.02141  0.005105   0.05345         8       640    0.9842    0.9834    0.9943    0.8291   0.01969   0.01342  0.003128
   209/299    0.818G   0.02682   0.02117  0.005062   0.05306        12       640    0.9818    0.9878    0.9943    0.8272   0.01968   0.01343  0.003138
   210/299    0.818G   0.02669    0.0214  0.004891   0.05297         6       640    0.9798    0.9877    0.9947     0.831   0.01961   0.01343  0.003135
   211/299    0.818G   0.02711   0.02207  0.005051   0.05424         6       640    0.9795    0.9902    0.9949     0.828   0.01969   0.01343  0.003149
   212/299    0.818G   0.02688   0.02151  0.005013   0.05341        21       640    0.9804    0.9905    0.9948    0.8284   0.01958   0.01339  0.003142
   213/299    0.818G   0.02675   0.02162  0.004901   0.05327        21       640     0.982    0.9897    0.9949    0.8306   0.01957   0.01329  0.003115
   214/299    0.818G   0.02721   0.02153   0.00525   0.05399        15       640    0.9795    0.9895    0.9948    0.8318   0.01941   0.01325  0.003125
   215/299    0.818G   0.02756   0.02147  0.005354   0.05439         9       640    0.9826    0.9931     0.995    0.8359   0.01946   0.01314  0.003127
   216/299    0.818G   0.02688   0.02149   0.00496   0.05333        12       640    0.9869    0.9864    0.9948    0.8343   0.01948   0.01327   0.00315
   217/299    0.818G   0.02645   0.02079  0.005041   0.05228        14       640    0.9818    0.9853    0.9946    0.8302   0.01957   0.01336   0.00314
   218/299    0.818G   0.02628   0.02148  0.004937   0.05269         9       640    0.9836    0.9869    0.9946    0.8315   0.01942   0.01316  0.003125
   219/299    0.818G    0.0263   0.02099  0.005091   0.05238        19       640    0.9837    0.9882    0.9947    0.8362   0.01934   0.01316   0.00314
   220/299    0.818G   0.02638   0.02105  0.005007   0.05244        12       640    0.9876    0.9857    0.9952    0.8381   0.01937    0.0132  0.003114
   221/299    0.818G   0.02678   0.02151  0.004848   0.05314        16       640    0.9877    0.9834     0.995    0.8369   0.01942   0.01321  0.003105
   222/299    0.818G   0.02657   0.02153   0.00521    0.0533        15       640     0.989    0.9822     0.995    0.8352   0.01943   0.01321  0.003122
   223/299    0.818G   0.02653   0.02076   0.00493   0.05222        16       640    0.9886    0.9859    0.9949     0.838   0.01933   0.01311  0.003118
   224/299    0.818G   0.02684   0.02138  0.005191   0.05341         8       640    0.9826    0.9892    0.9949    0.8372   0.01927    0.0131  0.003119
   225/299    0.818G   0.02673   0.02151  0.005087   0.05333        19       640    0.9831    0.9889     0.995    0.8406   0.01921   0.01308  0.003116
   226/299    0.818G   0.02671   0.02164  0.005128   0.05348        27       640    0.9769    0.9936    0.9951     0.841    0.0191   0.01301  0.003111
   227/299    0.818G   0.02603   0.02094  0.004906   0.05188        16       640    0.9883    0.9823    0.9948    0.8393   0.01909   0.01303  0.003095
   228/299    0.818G   0.02629   0.02136  0.005168   0.05282         6       640    0.9799    0.9923    0.9949    0.8404   0.01904   0.01295  0.003106
   229/299    0.818G   0.02638   0.02109   0.00504   0.05251        10       640    0.9809    0.9917     0.995    0.8369    0.0192   0.01302  0.003082
   230/299    0.818G   0.02601   0.02106  0.004791   0.05186        19       640     0.982    0.9882     0.995    0.8402   0.01906   0.01287  0.003096
   231/299    0.818G   0.02623   0.02083  0.004912   0.05197        14       640    0.9903    0.9807    0.9948    0.8384   0.01914   0.01306  0.003087
   232/299    0.818G    0.0262   0.02151  0.004994   0.05271         6       640    0.9842    0.9883    0.9946    0.8389   0.01899   0.01299  0.003079
   233/299    0.818G   0.02603   0.02102  0.004909   0.05196        21       640    0.9856    0.9869    0.9949    0.8391     0.019   0.01288  0.003068
   234/299    0.818G   0.02608   0.02118  0.004972   0.05223         9       640    0.9818    0.9895    0.9947    0.8426   0.01885   0.01283  0.003069
   235/299    0.818G   0.02589   0.02101  0.005024   0.05192        15       640    0.9794    0.9921    0.9947    0.8385   0.01898   0.01283  0.003073
   236/299    0.818G   0.02631   0.02168  0.005077   0.05308        15       640     0.979    0.9909     0.995    0.8423   0.01895    0.0129  0.003081
   237/299    0.818G   0.02618   0.02135  0.004905   0.05244        11       640    0.9808    0.9931    0.9951    0.8424   0.01897   0.01281  0.003055
   238/299    0.818G   0.02582   0.02037  0.004857   0.05104        17       640    0.9809     0.991    0.9951    0.8446   0.01884   0.01277  0.003054
   239/299    0.818G   0.02624   0.02072  0.004974   0.05194        23       640    0.9838    0.9902    0.9952     0.844   0.01893    0.0128  0.003055
   240/299    0.818G   0.02582   0.02024   0.00498   0.05104        12       640    0.9878     0.985    0.9951    0.8445   0.01888   0.01279  0.003079
   241/299    0.818G   0.02553   0.02076  0.004907    0.0512         9       640    0.9844    0.9871    0.9951    0.8442   0.01882   0.01273  0.003065
   242/299    0.818G   0.02631    0.0208  0.005321   0.05243        13       640    0.9872    0.9828    0.9952     0.844    0.0188   0.01276  0.003076
   243/299    0.818G   0.02629   0.02181   0.00511   0.05321        16       640    0.9794    0.9919    0.9951    0.8483   0.01871    0.0127   0.00304
   244/299    0.818G   0.02587   0.02056  0.004956   0.05139        11       640    0.9811    0.9896     0.995    0.8466   0.01875   0.01269  0.003071
   245/299    0.818G   0.02552   0.02024  0.004683   0.05044        21       640    0.9795    0.9904    0.9947     0.847   0.01868   0.01269  0.003068
   246/299    0.818G   0.02601   0.02086  0.005159   0.05203        14       640    0.9793    0.9922    0.9951    0.8464   0.01881   0.01273  0.003063
   247/299    0.818G    0.0262   0.02093  0.005105   0.05224        20       640    0.9882    0.9859    0.9953    0.8485   0.01856   0.01265  0.003058
   248/299    0.818G   0.02544   0.02136  0.004838   0.05163         9       640    0.9818    0.9901    0.9952    0.8482   0.01858   0.01265  0.003061
   249/299    0.818G   0.02624   0.02152  0.005258   0.05302        15       640    0.9832    0.9904    0.9952    0.8475   0.01857   0.01263   0.00305
   250/299    0.818G   0.02564   0.02112  0.004798   0.05155        19       640    0.9804    0.9916    0.9951    0.8473   0.01856   0.01265  0.003067
   251/299    0.818G   0.02579   0.02095   0.00502   0.05176        20       640    0.9859    0.9882    0.9953      0.85   0.01844   0.01259  0.003046
   252/299    0.818G    0.0256   0.02069  0.004933   0.05122        14       640    0.9916    0.9854    0.9953    0.8507   0.01843   0.01263  0.003048
   253/299    0.818G   0.02519   0.02056  0.004817   0.05056        17       640      0.99     0.984    0.9949    0.8492   0.01849   0.01262  0.003048
   254/299    0.818G   0.02549   0.02084  0.004804   0.05114        21       640     0.985    0.9889    0.9952    0.8484   0.01854   0.01269  0.003037
   255/299    0.818G   0.02538   0.02099  0.004871   0.05123        10       640    0.9862    0.9895    0.9952    0.8478   0.01849   0.01259  0.003052
   256/299    0.818G   0.02578    0.0205  0.005007   0.05129        10       640    0.9867    0.9883    0.9948    0.8484   0.01852   0.01259  0.003039
   257/299    0.818G    0.0252   0.01992  0.004894   0.05001        17       640    0.9879    0.9852    0.9952    0.8489   0.01854   0.01264  0.003018
   258/299    0.818G   0.02553   0.02006  0.005038   0.05063         6       640    0.9819    0.9921    0.9952    0.8522   0.01844    0.0126  0.003027
   259/299    0.818G   0.02584   0.02099    0.0049   0.05173        17       640     0.987    0.9858    0.9953    0.8512   0.01845   0.01256  0.003022
   260/299    0.818G   0.02513   0.02051  0.004779   0.05041        10       640    0.9878    0.9865    0.9954    0.8479   0.01846   0.01252  0.003023
   261/299    0.818G   0.02572   0.02023  0.004982   0.05094         5       640    0.9869    0.9859    0.9953    0.8516   0.01838   0.01241  0.003003
   262/299    0.818G   0.02535   0.01982   0.00506   0.05023        17       640    0.9857    0.9874    0.9951    0.8487   0.01842   0.01254  0.003022
   263/299    0.818G   0.02568   0.02101    0.0049   0.05159         6       640    0.9869     0.984    0.9951    0.8541   0.01826   0.01242  0.003026
   264/299    0.818G   0.02542   0.02037  0.004861   0.05065         8       640    0.9863    0.9849     0.995    0.8511   0.01828   0.01239  0.003022
   265/299    0.818G   0.02541    0.0198  0.004792      0.05        23       640    0.9797     0.992    0.9953    0.8545   0.01823   0.01236  0.003008
   266/299    0.818G   0.02524   0.02049   0.00486   0.05059         8       640    0.9875    0.9856    0.9953    0.8542   0.01814   0.01235  0.002997
   267/299    0.818G   0.02533   0.02047  0.004927   0.05072        11       640    0.9789    0.9941    0.9953    0.8548   0.01819   0.01239  0.003001
   268/299    0.818G   0.02567   0.02061   0.00497   0.05125        12       640    0.9916    0.9829    0.9954    0.8523   0.01829   0.01239  0.003015
   269/299    0.818G   0.02502   0.01989  0.004862   0.04978        21       640    0.9843    0.9857    0.9954    0.8536   0.01816   0.01235  0.003011
   270/299    0.818G   0.02585   0.02063   0.00512    0.0516        11       640    0.9815    0.9909    0.9953     0.852   0.01823   0.01249  0.003015
   271/299    0.818G   0.02458   0.01976  0.004524   0.04886        20       640    0.9811     0.992    0.9953    0.8549   0.01819   0.01243  0.003015
   272/299    0.818G   0.02499   0.02015  0.004808   0.04994        15       640    0.9877    0.9875    0.9953    0.8542   0.01822   0.01239  0.003012
   273/299    0.818G   0.02527   0.01974  0.005044   0.05005        16       640    0.9893    0.9837    0.9953    0.8552   0.01824   0.01236  0.003007
   274/299    0.818G   0.02486   0.01984  0.004532   0.04923        16       640    0.9908    0.9855    0.9954    0.8547   0.01821   0.01238  0.003003
   275/299    0.818G   0.02458   0.02006  0.004684   0.04932        14       640    0.9874    0.9854    0.9953    0.8568   0.01807   0.01228  0.002984
   276/299    0.818G   0.02484   0.01986  0.004686   0.04939        11       640    0.9882    0.9872    0.9954    0.8554   0.01806   0.01229  0.002989
   277/299    0.818G   0.02502    0.0203  0.004843   0.05016        27       640    0.9896    0.9861    0.9955    0.8565   0.01806   0.01226  0.002982
   278/299    0.818G   0.02482   0.02035  0.004688   0.04986        12       640     0.988    0.9885    0.9955    0.8595     0.018   0.01227  0.002979
   279/299    0.818G   0.02514   0.02036  0.004982   0.05049        19       640    0.9877    0.9892    0.9955    0.8559   0.01808   0.01232  0.002983
   280/299    0.818G   0.02457   0.01976  0.004602   0.04893        16       640    0.9879    0.9874    0.9954    0.8546   0.01806    0.0123  0.002988
   281/299    0.818G   0.02506   0.01989   0.00489   0.04984        12       640    0.9875    0.9885    0.9953    0.8555   0.01803   0.01225  0.002984
   282/299    0.818G   0.02497   0.02012  0.004683   0.04977        11       640    0.9881    0.9861    0.9954    0.8566   0.01806   0.01215  0.002974
   283/299    0.818G   0.02457    0.0199   0.00479   0.04926         9       640    0.9918    0.9853    0.9955    0.8602   0.01794   0.01218  0.002975
   284/299    0.818G   0.02459   0.02036   0.00481   0.04976         9       640    0.9858    0.9926    0.9955    0.8561   0.01802   0.01221  0.002969
   285/299    0.818G   0.02485   0.02051  0.004809   0.05016        10       640    0.9931     0.985    0.9956    0.8556   0.01795   0.01219  0.002971
   286/299    0.818G   0.02493    0.0194  0.004728   0.04906         9       640    0.9929    0.9824    0.9955    0.8591   0.01787   0.01214  0.002968
   287/299    0.818G   0.02483   0.02013  0.004829   0.04978        24       640    0.9911    0.9829    0.9949    0.8559   0.01794   0.01227  0.002989
   288/299    0.818G   0.02491   0.02076  0.004867   0.05053        13       640    0.9908    0.9857    0.9954    0.8594   0.01786   0.01213  0.002975
   289/299    0.818G   0.02481   0.02005  0.004612   0.04947        21       640    0.9918    0.9851    0.9955    0.8566   0.01804   0.01215  0.002975
   290/299    0.818G   0.02509   0.01952  0.004849   0.04946        15       640     0.986    0.9916    0.9954    0.8591   0.01786   0.01212  0.002969
   291/299    0.818G   0.02462   0.01989   0.00479    0.0493        11       640    0.9914    0.9856    0.9955    0.8589   0.01784   0.01208  0.002963
   292/299    0.818G   0.02421   0.01923  0.004646   0.04809        18       640    0.9863    0.9897    0.9955    0.8567     0.018    0.0122  0.002987
   293/299    0.818G   0.02492    0.0205  0.004741   0.05016        12       640    0.9886    0.9867    0.9955    0.8573   0.01793    0.0121  0.002977
   294/299    0.818G   0.02484   0.02012  0.004801   0.04976        17       640    0.9898    0.9858    0.9954    0.8599   0.01785   0.01211  0.002977
   295/299    0.818G   0.02505   0.02033  0.004755   0.05013        12       640    0.9862    0.9893    0.9953    0.8578   0.01789   0.01214   0.00297
   296/299    0.818G   0.02504   0.01976  0.004932   0.04973        21       640     0.985    0.9879    0.9954    0.8587    0.0179   0.01212  0.002959
   297/299    0.818G   0.02458   0.01966   0.00458   0.04882        20       640     0.984    0.9896    0.9954    0.8602   0.01783   0.01211  0.002972
   298/299    0.818G   0.02478   0.02022  0.004996   0.04999        25       640    0.9834    0.9893    0.9953    0.8581    0.0178   0.01212  0.002988
   299/299    0.818G   0.02464   0.01984  0.004641   0.04912         6       640    0.9836    0.9908    0.9954    0.8576   0.01785   0.01209   0.00299
