     0/299    0.505G    0.1079   0.05213   0.03907    0.1991        29       640  0.004518    0.1522  0.002083   0.00033    0.1117    0.0521   0.04758
     1/299    0.489G   0.09559   0.05794   0.03608    0.1896        30       640  0.001723    0.1309 0.0004902 6.347e-05   0.09495   0.04821    0.0364
     2/299    0.516G   0.09214   0.05844   0.03466    0.1852        16       640    0.0842   0.07654   0.02764  0.004215   0.08925   0.04885   0.03288
     3/299    0.516G   0.08983   0.05584   0.03374    0.1794        22       640   0.01567    0.0889  0.005711 0.0009539    0.0962   0.05175   0.03111
     4/299    0.516G   0.08839   0.05158   0.03239    0.1724        13       640   0.06644    0.1818   0.03971  0.005952   0.09311   0.04149   0.03021
     5/299    0.516G   0.08609   0.04988   0.03125    0.1672        13       640    0.1455    0.2419   0.09768   0.01762   0.07597   0.05888   0.02734
     6/299    0.543G   0.08132   0.05104   0.02959     0.162        10       640   0.04006    0.1575   0.01739  0.003136   0.08987   0.06237   0.02812
     7/299    0.543G   0.07881   0.04802   0.02663    0.1535        19       640    0.2114    0.4305    0.1548   0.03189   0.07123   0.04313   0.02079
     8/299    0.543G   0.07693   0.04557    0.0237    0.1462        11       640    0.1808    0.4154    0.1978    0.0427   0.07732   0.03864   0.01839
     9/299    0.543G   0.07632   0.04482    0.0227    0.1438         9       640    0.3418    0.5435    0.3686    0.0913   0.06309   0.03646   0.01637
    10/299    0.543G   0.07528   0.04427   0.02188    0.1414         8       640    0.4092    0.5409    0.4189    0.1101   0.06664   0.03578   0.01561
    11/299    0.543G   0.07009   0.04182   0.02027    0.1322        34       640    0.2907      0.58    0.3425   0.09865   0.06064   0.03463   0.01341
    12/299    0.543G   0.06986   0.04175   0.01852    0.1301        12       640    0.5476    0.7204     0.592    0.1702   0.06252    0.0318   0.01284
    13/299    0.543G   0.06714   0.03917   0.01758    0.1239        28       640    0.4451    0.6395    0.4559    0.1234   0.06293   0.03855   0.01168
    14/299    0.543G   0.06738   0.04088   0.01745    0.1257        13       640    0.3173     0.481    0.2903   0.07334   0.06371   0.04104   0.01677
    15/299    0.543G   0.06485   0.03945   0.01654    0.1208        18       640    0.3429    0.4878    0.3279   0.09634   0.06213   0.03621   0.01536
    16/299    0.543G   0.06547   0.03857     0.016      0.12        12       640    0.6081     0.719    0.6573    0.2112   0.05452   0.03206   0.01039
    17/299    0.543G   0.06218   0.03708   0.01536    0.1146        24       640    0.6791    0.7045     0.746    0.2829   0.05113   0.02928  0.009131
    18/299    0.543G   0.05986   0.03747   0.01449    0.1118        39       640    0.6733     0.696    0.7083     0.241   0.05214   0.02945  0.008614
    19/299    0.543G   0.05893   0.03728   0.01453    0.1107        13       640    0.7148    0.7395    0.7604    0.2881   0.05198   0.03195  0.008318
    20/299    0.543G   0.05989   0.03673   0.01385    0.1105        23       640    0.7608    0.7951    0.8084    0.3086   0.05079   0.03269  0.009066
    21/299    0.543G   0.05613   0.03629   0.01278    0.1052         9       640    0.6971    0.8337    0.7973    0.3313   0.04906   0.02667  0.007628
    22/299    0.543G   0.05614   0.03651   0.01253    0.1052        31       640    0.6255    0.7519    0.7125    0.2649   0.04978   0.02693  0.007614
    23/299    0.543G   0.05826   0.03439    0.0126    0.1052        20       640    0.7836    0.7753    0.8176    0.3341   0.05058   0.02625  0.007572
    24/299    0.543G   0.05579   0.03379   0.01269    0.1023         7       640    0.8397    0.8354     0.892    0.3795   0.04706   0.02694  0.007492
    25/299    0.543G   0.05445   0.03593   0.01188    0.1023        10       640    0.7693     0.818    0.8506    0.3413   0.04673   0.02635   0.00727
    26/299    0.543G   0.05414   0.03497   0.01126    0.1004        23       640    0.7782    0.8104     0.849    0.3359   0.04748   0.02561  0.006753
    27/299    0.543G   0.05327   0.03412    0.0114   0.09879        27       640    0.7855    0.8436    0.8905    0.4244   0.04443   0.02505  0.006965
    28/299    0.543G   0.05294   0.03394   0.01076   0.09764        31       640    0.8018    0.8022    0.8755    0.4091   0.04397   0.02613  0.007377
    29/299    0.543G   0.05214   0.03413   0.01119   0.09746        14       640    0.8453    0.8597    0.9204    0.4413   0.04461   0.02488  0.006931
    30/299    0.543G   0.05125   0.03274   0.01054   0.09453        27       640    0.8214    0.8586    0.9024    0.4252   0.04328   0.02524  0.006549
    31/299    0.543G   0.05124   0.03257   0.01019     0.094        28       640    0.8535     0.849    0.9193    0.4192   0.04249   0.02469  0.006606
    32/299    0.543G   0.04984   0.03271   0.01033   0.09288        13       640    0.9024    0.8814    0.9488    0.4969   0.04015   0.02481  0.006572
    33/299    0.543G    0.0504   0.03311   0.01042   0.09393        21       640    0.8988    0.8977     0.938    0.4761   0.04295   0.02361  0.006453
    34/299    0.543G   0.05096   0.03303   0.01018   0.09417        20       640     0.882    0.8522    0.9343    0.4865   0.04101   0.02346  0.006438
    35/299    0.543G   0.04799   0.03091   0.01009     0.089        14       640     0.859    0.8675    0.9272    0.5106   0.03903   0.02409  0.006345
    36/299    0.543G   0.04884   0.03219   0.01011   0.09114        32       640    0.8104    0.8703    0.9114    0.4419   0.04437   0.02477  0.006317
    37/299    0.543G   0.04922    0.0308   0.01008   0.09011         7       640    0.9313     0.852    0.9355    0.4778    0.0406   0.02311  0.006224
    38/299    0.543G   0.04925   0.03102  0.009698   0.08997        14       640    0.8738    0.8726    0.9381    0.4901   0.04098    0.0229   0.00609
    39/299    0.543G   0.04728   0.02939  0.009413   0.08608         8       640    0.9147    0.9131    0.9588    0.5341   0.03862   0.02298  0.006077
    40/299    0.543G    0.0468   0.03106  0.009728    0.0876        18       640    0.8928    0.8618    0.9371    0.5097   0.03892   0.02311  0.006072
    41/299    0.543G   0.04671   0.03049   0.00935   0.08655        19       640    0.9241    0.8885    0.9572     0.551   0.03797   0.02228  0.005946
    42/299    0.543G   0.04684   0.02985  0.009199   0.08589        10       640    0.8753    0.9208    0.9495    0.4761   0.04323   0.02211  0.005871
    43/299    0.543G   0.04829     0.031  0.009345   0.08863        24       640    0.8972    0.8491    0.9214    0.4798   0.04269   0.02426  0.006966
    44/299    0.543G   0.04749   0.02987  0.009312   0.08667        32       640    0.9198    0.9049    0.9576    0.5504   0.03858    0.0218  0.005863
    45/299    0.543G    0.0461   0.02963  0.008949   0.08468        22       640    0.9047    0.9148    0.9578    0.5557   0.03788   0.02245  0.005914
    46/299    0.543G   0.04511   0.03011  0.009003   0.08423        25       640    0.9217    0.8911    0.9591    0.5489   0.03721   0.02171  0.005823
    47/299    0.543G    0.0458   0.02895  0.008976   0.08373        23       640    0.9121    0.9011      0.96    0.5212   0.03944   0.02165   0.00585
    48/299    0.543G    0.0452   0.02938    0.0089   0.08348        26       640    0.9301    0.9105    0.9659    0.5968   0.03574   0.02156  0.005907
    49/299    0.543G   0.04603   0.02909  0.008738   0.08385        12       640    0.9244    0.9177    0.9634    0.5862   0.03664   0.02115  0.005772
    50/299    0.543G   0.04361   0.02857  0.008588   0.08076        17       640    0.9125    0.9235    0.9671    0.5728   0.03681   0.02189  0.005694
    51/299    0.543G   0.04335   0.02958  0.008516   0.08145        11       640    0.8849    0.9326    0.9637    0.5926   0.03553   0.02141  0.005502
    52/299    0.543G    0.0436   0.02868  0.008825   0.08111        27       640     0.918    0.9358    0.9699    0.6027   0.03502    0.0208  0.005519
    53/299    0.543G   0.04277   0.02706  0.008276   0.07811        14       640     0.925    0.9153    0.9668    0.6084   0.03416   0.02073  0.005657
    54/299    0.543G   0.04344   0.02915  0.008721   0.08132         3       640    0.9123     0.915    0.9567    0.5585   0.03653   0.02103  0.005598
    55/299    0.543G   0.04424   0.02887  0.008812   0.08193        13       640    0.8818    0.9427    0.9626     0.584   0.03591   0.02081  0.005659
    56/299    0.543G    0.0429   0.02844  0.008637   0.07997        28       640    0.9373     0.929    0.9693     0.603   0.03421   0.02046  0.005448
    57/299    0.543G   0.04162   0.02912    0.0082   0.07895        15       640    0.9441    0.9014    0.9695    0.6118   0.03362   0.02135  0.005533
    58/299    0.543G   0.04214   0.02725  0.008155   0.07754        13       640    0.9511    0.9437    0.9769    0.6255   0.03364   0.01997  0.005409
    59/299    0.543G   0.04283   0.02887  0.008354   0.08005        20       640    0.9347    0.9416    0.9762    0.6238   0.03446   0.02021  0.005556
    60/299    0.543G   0.04235   0.02918  0.008361    0.0799        36       640    0.9188    0.9481    0.9747    0.6235   0.03381   0.02016  0.005358
    61/299    0.543G   0.04166   0.02757  0.008027   0.07726         7       640    0.9327    0.9233    0.9696    0.6081   0.03342   0.02024   0.00541
    62/299    0.543G   0.04119   0.02796  0.008502   0.07764        31       640    0.9379    0.9515    0.9801    0.6454   0.03256   0.01969   0.00528
    63/299    0.543G   0.04135   0.02695  0.008328   0.07663        23       640    0.9323    0.9461    0.9771    0.6539   0.03191   0.01956   0.00527
    64/299    0.543G   0.04144   0.02756  0.008103    0.0771         8       640    0.9393    0.9455     0.973    0.5915    0.0347   0.01984  0.005398
    65/299    0.543G   0.04127   0.02847  0.007658    0.0774         7       640    0.9358    0.9478    0.9754    0.6424     0.032   0.01958  0.005318
    66/299    0.543G   0.03967   0.02706  0.007935   0.07467        19       640    0.9313    0.9622    0.9806    0.6579   0.03174   0.01954  0.005231
    67/299    0.543G   0.04065   0.02766  0.008033   0.07634        10       640    0.9319    0.9437    0.9758    0.6167   0.03345    0.0199  0.005528
    68/299    0.543G   0.04135   0.02914  0.007994   0.07849        17       640    0.9325    0.9519    0.9796    0.6482   0.03298   0.01968  0.005227
    69/299    0.543G    0.0411   0.02678  0.008287   0.07617        24       640    0.9371    0.9555    0.9781    0.6471    0.0322   0.01928  0.005215
    70/299    0.543G   0.04082   0.02788   0.00799   0.07669        20       640    0.9525    0.9305    0.9761    0.6506   0.03188   0.01931   0.00518
    71/299    0.543G   0.04111   0.02734  0.007808   0.07626        16       640    0.9348    0.9516    0.9795    0.6292   0.03342   0.01959  0.005331
    72/299    0.543G   0.03923   0.02702  0.007708   0.07395        27       640    0.9404    0.9542    0.9798    0.6607   0.03164    0.0192  0.005098
    73/299    0.543G    0.0395   0.02654  0.007908   0.07395         9       640    0.9467    0.9695    0.9805    0.6367   0.03204    0.0193   0.00513
    74/299    0.543G   0.03956    0.0267  0.007548    0.0738        14       640      0.94    0.9551    0.9801     0.661   0.03183   0.01877  0.005104
    75/299    0.543G   0.03999   0.02723  0.007637   0.07485        18       640    0.9249    0.9526    0.9759    0.6311   0.03318   0.01897  0.005074
    76/299    0.543G   0.04115   0.02683  0.007804   0.07578        14       640    0.9447    0.9457    0.9816    0.6659   0.03132   0.01885  0.005027
    77/299    0.543G   0.03985   0.02675  0.007925   0.07453        22       640    0.9441    0.9341    0.9763     0.656   0.03142   0.01898  0.005076
    78/299    0.543G   0.03879   0.02766  0.007521   0.07397        28       640    0.9611    0.9527    0.9833    0.6779    0.0305   0.01875  0.005012
    79/299    0.543G   0.03866   0.02646  0.007988    0.0731         8       640     0.957     0.956    0.9832    0.6791   0.03098   0.01881  0.005145
    80/299    0.543G   0.03936   0.02662  0.007594   0.07358        23       640    0.9556    0.9528    0.9834    0.6853    0.0307    0.0187  0.005012
    81/299    0.543G   0.03905   0.02736  0.007452   0.07386        37       640      0.95     0.961    0.9803    0.6761   0.03065   0.01889  0.005068
    82/299    0.543G   0.03814   0.02639  0.007488   0.07202        11       640    0.9523    0.9623    0.9837    0.6847   0.03058   0.01874  0.005083
    83/299    0.543G    0.0385   0.02598  0.007569   0.07205        15       640    0.9564    0.9577    0.9832    0.6718   0.03058   0.01853  0.004955
    84/299    0.543G   0.03757   0.02704  0.007011   0.07162        12       640    0.9614    0.9614    0.9835    0.6753   0.02986   0.01833  0.004972
    85/299    0.543G   0.03814   0.02614  0.007372   0.07165        28       640    0.9547    0.9635    0.9838    0.6832   0.03063   0.01851  0.005042
    86/299    0.543G   0.03884   0.02707  0.007549   0.07346        16       640    0.9563    0.9635    0.9826    0.6813      0.03   0.01854  0.005036
    87/299    0.543G   0.03801   0.02612  0.007432   0.07156        21       640    0.9491     0.965    0.9867    0.6654   0.03091   0.01837  0.005019
    88/299    0.543G   0.03804   0.02603  0.007575   0.07164        13       640    0.9505    0.9565    0.9843    0.7024   0.02927   0.01812  0.004906
    89/299    0.543G   0.03839   0.02537   0.00736   0.07113         6       640    0.9666      0.95    0.9831    0.6803   0.03021   0.01846  0.004946
    90/299    0.543G   0.03772   0.02602  0.007344   0.07108        13       640    0.9453    0.9501    0.9829    0.6764   0.02992   0.01824  0.004895
    91/299    0.543G   0.03831   0.02627  0.007316   0.07189        12       640    0.9628    0.9545    0.9853    0.6887   0.02936   0.01812  0.004887
    92/299    0.543G   0.03863   0.02549  0.007817   0.07194        23       640    0.9689    0.9534    0.9807    0.6866   0.03002   0.01801  0.004962
    93/299    0.543G    0.0369   0.02574  0.007193   0.06983        18       640    0.9651    0.9694    0.9874    0.7227   0.02857   0.01803  0.004917
    94/299    0.543G   0.03612   0.02501   0.00702   0.06815        10       640    0.9595    0.9676    0.9858    0.7138   0.02847   0.01784  0.004837
    95/299    0.543G   0.03622   0.02477  0.006945   0.06794         8       640    0.9617    0.9559    0.9849    0.7011   0.02855   0.01801  0.004867
    96/299    0.543G    0.0377   0.02551  0.007593    0.0708        35       640    0.9599    0.9683    0.9848    0.7039    0.0285   0.01805  0.004904
    97/299    0.543G   0.03663   0.02434  0.007131   0.06811        24       640    0.9596    0.9434    0.9832    0.7006   0.02851   0.01803  0.004918
    98/299    0.543G   0.03723   0.02576  0.006918   0.06991        25       640    0.9626    0.9685    0.9869    0.6951   0.02915    0.0179   0.00486
    99/299    0.543G   0.03693   0.02606   0.00734   0.07033        25       640    0.9497    0.9746    0.9868    0.6875   0.02972    0.0178  0.004837
   100/299    0.543G   0.03646   0.02529  0.007362   0.06911        11       640    0.9523     0.959    0.9828    0.7102   0.02869   0.01781  0.004797
   101/299    0.543G   0.03609    0.0248    0.0072   0.06809        13       640    0.9517    0.9701    0.9857    0.7139    0.0287   0.01768  0.004806
   102/299    0.543G   0.03676    0.0248   0.00722   0.06877        16       640      0.97    0.9652    0.9896    0.6932   0.02961   0.01802  0.004898
   103/299    0.543G    0.0368   0.02539  0.006997   0.06919        23       640    0.9602    0.9767    0.9872    0.7178   0.02796   0.01739  0.004818
   104/299    0.543G   0.03653   0.02424  0.006911   0.06769         3       640    0.9692    0.9725    0.9899     0.696    0.0289   0.01766  0.004869
   105/299    0.543G   0.03618    0.0254  0.007332   0.06891        33       640     0.962    0.9716     0.987    0.7202   0.02786   0.01732  0.004746
   106/299    0.543G   0.03622   0.02548  0.007219   0.06892        14       640    0.9549    0.9761    0.9888     0.727   0.02778   0.01736  0.004774
   107/299    0.543G   0.03664   0.02504  0.007051   0.06873        17       640    0.9605    0.9746    0.9882    0.7022   0.02875   0.01743  0.004726
   108/299    0.543G   0.03668   0.02405  0.007139   0.06787        12       640    0.9624    0.9677    0.9879    0.7317    0.0274   0.01713  0.004702
   109/299    0.543G   0.03601   0.02518  0.006897   0.06809         9       640    0.9585    0.9715    0.9888    0.7172   0.02803   0.01723  0.004721
   110/299    0.543G   0.03596   0.02518  0.007116   0.06825        29       640    0.9717    0.9656    0.9893    0.7216   0.02831   0.01723  0.004773
   111/299    0.543G   0.03535   0.02428  0.006836   0.06647        29       640    0.9691     0.972    0.9892    0.7166   0.02765   0.01688  0.004679
   112/299    0.543G   0.03558   0.02474  0.006961   0.06728         6       640    0.9532    0.9648     0.987    0.7242   0.02731   0.01711   0.00473
   113/299    0.543G   0.03636   0.02491  0.007111   0.06838        22       640    0.9467    0.9753    0.9859    0.7196   0.02824   0.01745  0.004709
   114/299    0.543G   0.03569   0.02504  0.006856   0.06759        30       640     0.955    0.9775    0.9875    0.7225   0.02813   0.01722  0.004644
   115/299    0.543G   0.03445   0.02462  0.006716   0.06578        15       640    0.9668    0.9715    0.9896    0.7399   0.02748    0.0169  0.004659
   116/299    0.543G   0.03518   0.02407  0.006764   0.06602        19       640    0.9504    0.9739     0.988    0.7298   0.02745   0.01675  0.004657
   117/299    0.543G   0.03486   0.02461  0.006993   0.06646        20       640    0.9611     0.967    0.9872     0.732   0.02723   0.01691  0.004725
   118/299    0.543G   0.03549   0.02459  0.007119   0.06719        25       640    0.9602    0.9765    0.9901    0.7469   0.02708   0.01689  0.004707
   119/299    0.543G     0.035   0.02441  0.007093    0.0665         6       640    0.9586    0.9754    0.9886    0.7518   0.02646   0.01664  0.004644
   120/299    0.543G   0.03413    0.0243  0.006684   0.06512        18       640    0.9586    0.9756    0.9888    0.7449   0.02687   0.01652  0.004644
   121/299    0.543G   0.03584   0.02521  0.007182   0.06823        11       640    0.9483    0.9807    0.9902    0.7367   0.02719   0.01674  0.004587
   122/299    0.543G   0.03496    0.0247  0.006837   0.06649        31       640    0.9724    0.9733    0.9904    0.7413   0.02667   0.01664  0.004635
   123/299    0.543G   0.03534   0.02422  0.006756   0.06631        17       640    0.9616    0.9764    0.9905    0.7436   0.02679   0.01661  0.004662
   124/299    0.543G   0.03351   0.02368  0.006599    0.0638        12       640    0.9617    0.9736    0.9911    0.7538   0.02616   0.01652  0.004601
   125/299    0.543G   0.03431   0.02297  0.006803   0.06408        14       640    0.9554    0.9696    0.9896    0.7381   0.02674   0.01671   0.00462
   126/299    0.543G   0.03493    0.0252   0.00704   0.06717        23       640    0.9733    0.9576    0.9909     0.713   0.02757   0.01679  0.004648
   127/299    0.543G   0.03394     0.024   0.00659   0.06453        21       640    0.9557    0.9754    0.9904    0.7432   0.02671   0.01659   0.00454
   128/299    0.543G   0.03405   0.02416  0.006662   0.06488        24       640    0.9562    0.9811    0.9905    0.7481   0.02648   0.01649   0.00457
   129/299    0.543G   0.03486   0.02373  0.006509   0.06511         9       640    0.9653    0.9699    0.9885    0.7529   0.02652   0.01647  0.004589
   130/299    0.543G   0.03371   0.02382  0.006725   0.06425         9       640     0.964    0.9758    0.9883    0.7533   0.02605   0.01643  0.004561
   131/299    0.543G   0.03409   0.02447  0.006908   0.06547         9       640    0.9622    0.9775    0.9903    0.7557   0.02617   0.01632  0.004556
   132/299    0.543G   0.03327   0.02417  0.006679   0.06412        27       640    0.9685    0.9773    0.9904    0.7553   0.02588   0.01622  0.004509
   133/299    0.543G   0.03432   0.02326   0.00659   0.06417        12       640    0.9687    0.9778    0.9915    0.7582   0.02621   0.01621  0.004552
   134/299    0.543G   0.03482   0.02392  0.006702   0.06545        30       640    0.9679    0.9714    0.9905    0.7581   0.02614   0.01629  0.004537
   135/299    0.543G   0.03366   0.02429  0.006728   0.06468        13       640    0.9646    0.9712      0.99    0.7601   0.02633   0.01619  0.004506
   136/299    0.543G    0.0333   0.02316  0.006628   0.06309        14       640    0.9609    0.9742    0.9903    0.7601   0.02575   0.01616  0.004456
   137/299    0.543G   0.03268   0.02299  0.006796   0.06247        26       640    0.9674    0.9722    0.9912    0.7648   0.02564   0.01621   0.00452
   138/299    0.543G    0.0342   0.02406  0.007064   0.06532        29       640    0.9639    0.9737    0.9908    0.7674    0.0257   0.01615  0.004517
   139/299    0.543G    0.0343   0.02348  0.006852   0.06463         8       640    0.9665     0.976     0.991    0.7682   0.02552   0.01615  0.004547
   140/299    0.543G   0.03317    0.0232  0.006806   0.06318        36       640    0.9742    0.9785    0.9913    0.7672   0.02554   0.01587  0.004452
   141/299    0.543G    0.0324   0.02229  0.006626   0.06132        12       640    0.9717    0.9729    0.9907    0.7704   0.02526   0.01577  0.004505
   142/299    0.543G   0.03259   0.02256  0.006452    0.0616        13       640     0.978    0.9667      0.99    0.7684   0.02575     0.016  0.004483
   143/299    0.543G   0.03311   0.02383  0.006874   0.06381        24       640    0.9712    0.9839    0.9922     0.771   0.02538    0.0159  0.004453
   144/299    0.543G   0.03384   0.02437  0.006891   0.06509        33       640    0.9732    0.9805    0.9919    0.7792   0.02519   0.01587  0.004428
   145/299    0.543G   0.03359    0.0239  0.007163   0.06466        28       640    0.9712     0.981    0.9933    0.7567   0.02587   0.01579  0.004478
   146/299    0.543G   0.03247   0.02246  0.006648   0.06157         6       640    0.9767    0.9687    0.9919    0.7695   0.02509   0.01577  0.004473
   147/299    0.543G   0.03235   0.02272  0.006474   0.06155        10       640     0.969    0.9785    0.9919    0.7653   0.02525   0.01564   0.00438
   148/299    0.543G   0.03253   0.02355  0.006639   0.06273        17       640    0.9807    0.9778    0.9923    0.7723   0.02511   0.01563  0.004399
   149/299    0.543G   0.03227   0.02253  0.006537   0.06133        17       640     0.971    0.9799    0.9917    0.7719    0.0251   0.01578  0.004466
   150/299    0.543G   0.03274    0.0231  0.006442   0.06229        14       640    0.9733    0.9689    0.9915     0.777   0.02492   0.01562  0.004421
   151/299    0.543G   0.03303   0.02289  0.006334   0.06225        37       640    0.9654    0.9822    0.9919    0.7752   0.02537   0.01577  0.004458
   152/299    0.543G   0.03272   0.02295  0.006348   0.06202        15       640    0.9711    0.9733    0.9919    0.7762   0.02519   0.01554   0.00447
   153/299    0.543G    0.0325   0.02177   0.00655   0.06082        30       640     0.972    0.9774    0.9916    0.7687   0.02511   0.01558  0.004398
   154/299    0.543G   0.03262   0.02327  0.006736   0.06262        20       640    0.9747    0.9664    0.9905    0.7713   0.02522   0.01587  0.004437
   155/299    0.543G   0.03252   0.02338  0.006254   0.06215        21       640    0.9747    0.9746     0.993    0.7797   0.02479   0.01553  0.004407
   156/299    0.543G   0.03259   0.02344   0.00662   0.06264        26       640    0.9781    0.9721    0.9922    0.7826   0.02462   0.01552  0.004386
   157/299    0.543G   0.03189   0.02219  0.006402   0.06049        16       640    0.9769    0.9769    0.9923    0.7877   0.02433    0.0153  0.004399
   158/299    0.543G   0.03251   0.02224  0.006433   0.06118         3       640    0.9778    0.9768    0.9932    0.7882   0.02445   0.01535   0.00437
   159/299    0.543G   0.03197   0.02261  0.006411   0.06099        30       640    0.9803    0.9771    0.9932    0.7887   0.02449   0.01536  0.004383
   160/299    0.543G   0.03212    0.0232  0.006317   0.06163        20       640    0.9797    0.9662    0.9921    0.7823   0.02446    0.0153  0.004388
   161/299    0.543G   0.03234   0.02352  0.006369   0.06222        18       640    0.9769    0.9763    0.9919    0.7785   0.02466   0.01535  0.004346
   162/299    0.543G   0.03119   0.02177   0.00627   0.05923        18       640    0.9734    0.9768    0.9921    0.7873   0.02431   0.01531  0.004328
   163/299    0.543G   0.03173   0.02143  0.006656   0.05981         7       640     0.966    0.9848    0.9928    0.7881   0.02429   0.01527  0.004365
   164/299    0.543G   0.03115   0.02193  0.006378   0.05946        27       640    0.9646    0.9828    0.9925    0.7872   0.02447   0.01547  0.004398
   165/299    0.543G    0.0316   0.02214  0.006221   0.05996        14       640    0.9713    0.9803    0.9918    0.7855   0.02472   0.01527  0.004332
   166/299    0.543G   0.03225   0.02234  0.006203   0.06079        18       640    0.9709    0.9825    0.9919     0.784   0.02457   0.01534  0.004308
   167/299    0.543G   0.03181   0.02238  0.006793   0.06099         7       640    0.9743    0.9769    0.9927    0.7884   0.02449    0.0154  0.004359
   168/299    0.543G   0.03165   0.02206  0.006349   0.06006        12       640    0.9759    0.9791    0.9931    0.7944     0.024   0.01497  0.004347
   169/299    0.543G   0.03082   0.02136  0.006057   0.05823        18       640    0.9805    0.9777    0.9938    0.7921   0.02427   0.01506  0.004293
   170/299    0.543G   0.03125   0.02259   0.00645   0.06029        25       640    0.9751    0.9762    0.9924    0.7941   0.02411   0.01517   0.00433
   171/299    0.543G    0.0309   0.02146  0.006165   0.05852        22       640    0.9728    0.9785    0.9923     0.795   0.02398   0.01518  0.004287
   172/299    0.543G   0.03117   0.02197  0.006577   0.05972        11       640    0.9772    0.9824    0.9938    0.7972   0.02395    0.0151  0.004296
   173/299    0.543G   0.03116    0.0217   0.00617   0.05903        23       640    0.9784    0.9777    0.9932     0.791   0.02439   0.01488   0.00428
   174/299    0.543G   0.03099   0.02184  0.006588   0.05943        10       640    0.9793    0.9774    0.9934    0.7962   0.02385   0.01476  0.004255
   175/299    0.543G   0.03074   0.02262  0.006225   0.05959        13       640    0.9731    0.9734    0.9924    0.7777   0.02443   0.01515  0.004328
   176/299    0.543G   0.03108   0.02196  0.006105   0.05915        29       640    0.9748    0.9812    0.9922    0.8026   0.02353    0.0148  0.004266
   177/299    0.543G   0.03078   0.02179  0.006208   0.05878        16       640    0.9792    0.9783    0.9926    0.8084   0.02347   0.01482  0.004245
   178/299    0.543G   0.03049   0.02153  0.006381    0.0584        37       640    0.9751    0.9801    0.9934    0.8009   0.02385   0.01492  0.004238
   179/299    0.543G   0.03065   0.02237  0.006504   0.05952        26       640    0.9686    0.9827    0.9931    0.7993    0.0237   0.01499  0.004277
   180/299    0.543G   0.03058   0.02229  0.006367   0.05924        27       640    0.9761    0.9778    0.9925    0.7992   0.02375   0.01476  0.004275
   181/299    0.543G   0.03098   0.02165  0.006216   0.05885        13       640    0.9733    0.9779    0.9932    0.8002   0.02379   0.01482  0.004247
   182/299    0.543G   0.03082   0.02159   0.00625   0.05866        11       640     0.977    0.9748     0.993    0.7969   0.02374    0.0148   0.00424
   183/299    0.543G   0.03056   0.02198  0.006086   0.05862        17       640    0.9793    0.9791    0.9931    0.8017   0.02355   0.01477  0.004245
   184/299    0.543G   0.03073   0.02258  0.006332   0.05964        26       640    0.9754    0.9821    0.9937    0.7945   0.02364   0.01481  0.004211
   185/299    0.543G   0.02987   0.02147  0.005979   0.05732        19       640     0.982    0.9795    0.9929    0.8026   0.02342   0.01456  0.004211
   186/299    0.543G   0.03074   0.02166  0.006178   0.05858        37       640    0.9813    0.9831     0.993    0.8043   0.02344   0.01461  0.004221
   187/299    0.543G   0.03044   0.02184  0.006237   0.05852        16       640    0.9828    0.9785    0.9935    0.8016   0.02345   0.01443  0.004203
   188/299    0.543G   0.03077   0.02186  0.006488   0.05911        19       640    0.9794    0.9765    0.9927    0.7982   0.02362   0.01463  0.004207
   189/299    0.543G   0.02998   0.02171  0.006075   0.05777        19       640    0.9852    0.9829    0.9939    0.7978   0.02347   0.01452  0.004212
   190/299    0.543G   0.02949   0.02127  0.005979   0.05674        25       640    0.9704    0.9833    0.9936    0.8024   0.02319    0.0146  0.004211
   191/299    0.543G   0.02967   0.02071  0.006267   0.05664         8       640    0.9715    0.9821    0.9936    0.8013   0.02339   0.01459   0.00421
   192/299    0.543G   0.02952   0.02139  0.005747   0.05665        23       640    0.9802    0.9789    0.9941    0.8004   0.02335   0.01449  0.004213
   193/299    0.543G   0.03086   0.02212  0.006583   0.05956        18       640    0.9769    0.9797    0.9934    0.8042   0.02321   0.01454  0.004168
   194/299    0.543G   0.03014   0.02145  0.006126   0.05773        10       640    0.9816    0.9763    0.9933    0.8097   0.02296   0.01434  0.004176
   195/299    0.543G   0.03018    0.0216  0.006374   0.05816        28       640     0.983    0.9762     0.993    0.8031   0.02325   0.01459  0.004187
   196/299    0.543G   0.03069   0.02119  0.006347   0.05822        26       640    0.9779    0.9796     0.994    0.8125   0.02295   0.01446  0.004158
   197/299    0.543G   0.02994    0.0221  0.005913   0.05795        25       640    0.9813    0.9788    0.9939    0.8051   0.02328   0.01453  0.004158
   198/299    0.543G    0.0301    0.0214  0.006228   0.05773        17       640     0.979    0.9787    0.9934     0.809   0.02302   0.01446  0.004158
   199/299    0.543G   0.03003   0.02103   0.00623   0.05729        10       640    0.9738    0.9811    0.9937    0.8124   0.02293   0.01451  0.004172
   200/299    0.543G   0.02974   0.02168  0.006274    0.0577        19       640    0.9789    0.9809    0.9936    0.8111   0.02298   0.01441  0.004174
   201/299    0.543G   0.02968    0.0206  0.005992   0.05627        17       640     0.987    0.9743    0.9943    0.8195   0.02275    0.0144   0.00415
   202/299    0.543G   0.03009   0.02184  0.006394   0.05833        11       640    0.9782    0.9838    0.9945    0.8177   0.02276   0.01431  0.004135
   203/299    0.543G   0.02977   0.02145  0.006458   0.05768        26       640    0.9754    0.9821    0.9942     0.819   0.02264   0.01426  0.004095
   204/299    0.543G   0.03028   0.02218  0.006434    0.0589        11       640     0.975    0.9823     0.994    0.8181   0.02256   0.01416  0.004115
   205/299    0.543G    0.0298   0.02134  0.006268   0.05741        19       640    0.9758    0.9852    0.9944    0.8182   0.02281   0.01423  0.004102
   206/299    0.543G   0.02971   0.02117  0.006213   0.05709        17       640    0.9763    0.9777    0.9942     0.817   0.02283   0.01428  0.004149
   207/299    0.543G   0.02936   0.02113  0.005965   0.05646        21       640    0.9688    0.9876    0.9941    0.8163   0.02276   0.01417  0.004153
   208/299    0.543G   0.02974   0.02068  0.005928   0.05635        11       640    0.9833    0.9768    0.9937    0.8102   0.02288   0.01431  0.004125
   209/299    0.543G   0.02956   0.02136  0.006295   0.05721        17       640    0.9843    0.9752    0.9931    0.8098   0.02291   0.01425  0.004141
   210/299    0.543G   0.03016   0.02072  0.006493   0.05737        30       640    0.9839    0.9751    0.9931    0.8161   0.02266   0.01419  0.004131
   211/299    0.543G   0.02858   0.02124  0.005808   0.05563        26       640    0.9791    0.9832     0.994    0.8195   0.02258   0.01415  0.004107
   212/299    0.543G   0.02974   0.02005  0.006137   0.05593        14       640    0.9788    0.9827    0.9943    0.8201    0.0225   0.01415  0.004055
   213/299    0.543G   0.02919    0.0212  0.006027   0.05641        18       640    0.9816    0.9826     0.994    0.8183   0.02251   0.01406  0.004086
   214/299    0.543G   0.02912   0.02089  0.005735   0.05575        14       640     0.981    0.9835    0.9945    0.8222   0.02264   0.01413  0.004081
   215/299    0.543G   0.02919   0.02086  0.005989   0.05603        18       640    0.9798    0.9806    0.9942    0.8167   0.02265   0.01415  0.004101
   216/299    0.543G   0.02925     0.021  0.006216   0.05647        36       640    0.9816    0.9784     0.993     0.819   0.02247   0.01403  0.004113
   217/299    0.543G   0.02993   0.02193  0.006334    0.0582        21       640    0.9835    0.9848     0.994    0.8207   0.02243   0.01415  0.004139
   218/299    0.543G   0.02925   0.02015  0.006048   0.05544        26       640    0.9798    0.9854    0.9944    0.8244   0.02223     0.014  0.004097
   219/299    0.543G   0.02855   0.02128  0.006015   0.05584        33       640    0.9811    0.9846    0.9946    0.8232    0.0224   0.01399  0.004113
   220/299    0.543G   0.02962   0.02067  0.006391   0.05668         6       640    0.9864     0.982    0.9942     0.823   0.02234   0.01405  0.004084
   221/299    0.543G   0.02892   0.01983  0.005916   0.05467        28       640    0.9857    0.9768    0.9937    0.8181   0.02251   0.01401  0.004077
   222/299    0.543G   0.02917   0.02064   0.00615   0.05597        21       640    0.9838     0.978    0.9931    0.8218   0.02237   0.01402  0.004055
   223/299    0.543G   0.02879   0.02089  0.005838   0.05552        19       640    0.9825    0.9802    0.9941    0.8224    0.0224   0.01404  0.004071
   224/299    0.543G   0.02903   0.02087  0.006067   0.05597        13       640    0.9781    0.9837    0.9937    0.8225   0.02231   0.01404  0.004092
   225/299    0.543G   0.02923   0.02035  0.006087   0.05567        26       640    0.9728    0.9846    0.9931    0.8205   0.02228   0.01396   0.00408
   226/299    0.543G   0.02857   0.01964   0.00565   0.05386        24       640      0.97    0.9864    0.9934    0.8228   0.02216    0.0139  0.004095
   227/299    0.543G    0.0288   0.02046   0.00584    0.0551        11       640    0.9769    0.9811    0.9932    0.8216   0.02222   0.01391   0.00408
   228/299    0.543G   0.02902   0.02079  0.006127   0.05594        18       640    0.9784    0.9852    0.9929    0.8229   0.02211   0.01386  0.004053
   229/299    0.543G   0.02911   0.02084  0.005985   0.05593        29       640    0.9789    0.9849    0.9937    0.8249   0.02207   0.01384  0.004061
   230/299    0.543G   0.02897   0.02069  0.006241   0.05589        28       640    0.9773    0.9865    0.9944    0.8266   0.02194    0.0138  0.004044
   231/299    0.543G   0.02855   0.02045  0.006172   0.05517        15       640    0.9759    0.9855    0.9932     0.825   0.02206   0.01382  0.004028
   232/299    0.543G   0.02828   0.02018  0.005967   0.05442        13       640    0.9727    0.9801    0.9929    0.8265   0.02205   0.01375  0.004021
   233/299    0.543G   0.02854   0.02026  0.005835   0.05463        26       640    0.9771    0.9805    0.9938    0.8279     0.022   0.01383  0.004027
   234/299    0.543G   0.02801    0.0203  0.005756   0.05407        21       640    0.9774    0.9833    0.9933    0.8306   0.02203   0.01374  0.004016
   235/299    0.543G   0.02875    0.0203  0.006048    0.0551        21       640    0.9806    0.9829    0.9933    0.8297   0.02202   0.01365  0.004063
   236/299    0.543G   0.02922   0.02046  0.006318     0.056        19       640    0.9801    0.9806    0.9931    0.8294   0.02198   0.01383  0.004106
   237/299    0.543G   0.02847   0.02096   0.00587    0.0553        22       640    0.9765    0.9828     0.993    0.8279   0.02193   0.01385  0.004057
   238/299    0.543G   0.02787   0.01999  0.005773   0.05363        29       640    0.9814     0.976    0.9932    0.8313   0.02183   0.01374  0.004016
   239/299    0.543G     0.029   0.02037  0.006056   0.05543        19       640    0.9815    0.9827    0.9946    0.8294   0.02182   0.01364  0.004012
   240/299    0.543G   0.02828   0.02042  0.005915   0.05461        22       640    0.9836    0.9849    0.9941    0.8263   0.02193   0.01367  0.003999
   241/299    0.543G    0.0287   0.02078  0.006136   0.05561        11       640    0.9775    0.9834    0.9939    0.8292   0.02189   0.01363   0.00399
   242/299    0.543G    0.0279   0.02022  0.005699   0.05382        40       640    0.9768    0.9838    0.9933    0.8234   0.02205   0.01371  0.004016
   243/299    0.543G   0.02855   0.02103   0.00613   0.05572        14       640    0.9788    0.9839    0.9941     0.828    0.0219   0.01362  0.003999
   244/299    0.543G   0.02821   0.02104  0.005697   0.05495        21       640    0.9777    0.9842    0.9946    0.8284   0.02174   0.01367  0.004024
   245/299    0.543G   0.02755    0.0203  0.005787   0.05364        17       640    0.9743    0.9834    0.9932    0.8286    0.0218    0.0137  0.003998
   246/299    0.543G   0.02885   0.02048  0.006165   0.05549        13       640    0.9746    0.9834    0.9932    0.8312   0.02179   0.01357  0.003989
   247/299    0.543G   0.02825   0.01948  0.006195   0.05393        15       640    0.9679    0.9916    0.9934    0.8339   0.02172   0.01357  0.003987
   248/299    0.543G   0.02803      0.02  0.005886   0.05392        15       640    0.9753    0.9884    0.9946      0.83    0.0219   0.01367   0.00398
   249/299    0.543G   0.02744   0.02029  0.005612   0.05335        22       640    0.9759    0.9872    0.9946     0.832   0.02176   0.01358  0.003982
   250/299    0.543G   0.02729   0.01952  0.005591    0.0524        10       640    0.9848    0.9763    0.9937    0.8301   0.02158   0.01343   0.00397
   251/299    0.543G   0.02809   0.02027  0.005945    0.0543        14       640     0.974    0.9844    0.9932    0.8334   0.02161   0.01351  0.003972
   252/299    0.543G   0.02825   0.02021  0.005933    0.0544        34       640      0.98    0.9812    0.9934    0.8311    0.0217   0.01349   0.00398
   253/299    0.543G   0.02842   0.02117  0.005848   0.05544        21       640    0.9804    0.9829    0.9945    0.8345   0.02159   0.01353  0.003985
   254/299    0.543G   0.02848   0.02011  0.005815   0.05441        28       640    0.9857    0.9787     0.994    0.8358   0.02157   0.01351  0.003981
   255/299    0.543G   0.02837   0.01983  0.006172   0.05438        35       640    0.9859    0.9815    0.9938    0.8346   0.02158   0.01345  0.003979
   256/299    0.543G   0.02813   0.02049  0.005765   0.05438        20       640    0.9876    0.9758    0.9948    0.8333   0.02157    0.0134  0.003969
   257/299    0.543G   0.02746    0.0202  0.005632   0.05329        24       640    0.9857    0.9792    0.9944    0.8345   0.02152   0.01336  0.003969
   258/299    0.543G   0.02815   0.02071  0.005843   0.05471        27       640    0.9819    0.9843    0.9947    0.8374   0.02141   0.01337  0.003965
   259/299    0.543G   0.02721   0.01967  0.005661   0.05254        18       640    0.9788    0.9854    0.9951    0.8386   0.02138   0.01343   0.00396
   260/299    0.543G   0.02873    0.0207  0.006103   0.05554         7       640    0.9813    0.9833    0.9948    0.8354   0.02146    0.0135  0.003944
   261/299    0.543G    0.0277   0.01992   0.00592   0.05354        31       640    0.9785    0.9907     0.995    0.8416   0.02142   0.01347  0.003951
   262/299    0.543G   0.02795   0.02077  0.005641   0.05436        32       640    0.9842     0.982    0.9948    0.8408   0.02131   0.01343  0.003926
   263/299    0.543G   0.02682   0.01904  0.005309   0.05117        29       640    0.9781    0.9867    0.9948    0.8382   0.02153   0.01348  0.003929
   264/299    0.543G   0.02755   0.02064  0.005831   0.05402        26       640    0.9766    0.9888    0.9948    0.8406   0.02145   0.01345  0.003942
   265/299    0.543G   0.02775   0.02042   0.00577   0.05394        22       640    0.9769    0.9851    0.9949    0.8378   0.02142   0.01336  0.003937
   266/299    0.543G   0.02803   0.02045  0.005873   0.05435        14       640    0.9762    0.9869    0.9948    0.8398   0.02132   0.01328  0.003938
   267/299    0.543G   0.02824   0.02035  0.006075   0.05467        11       640    0.9783      0.99    0.9948    0.8402   0.02123   0.01329   0.00395
   268/299    0.543G   0.02738   0.01961    0.0057   0.05268        24       640    0.9825    0.9877     0.995    0.8416   0.02121   0.01323  0.003947
   269/299    0.543G   0.02778   0.02031   0.00599   0.05408        12       640    0.9777    0.9916    0.9939    0.8368   0.02136   0.01345  0.003971
   270/299    0.543G   0.02789   0.02036  0.005995   0.05424        19       640    0.9777    0.9907    0.9936    0.8428   0.02117   0.01323  0.003949
   271/299    0.543G   0.02697   0.01993   0.00563   0.05252        22       640    0.9745    0.9917    0.9941    0.8418   0.02113    0.0132  0.003932
   272/299    0.543G   0.02743    0.0202  0.005578    0.0532        25       640    0.9778    0.9864    0.9939    0.8433   0.02112   0.01329  0.003931
   273/299    0.543G   0.02694    0.0192  0.005466    0.0516        37       640    0.9755    0.9872     0.994    0.8382   0.02117   0.01329  0.003941
   274/299    0.543G    0.0275   0.02044  0.005759    0.0537        34       640    0.9828    0.9843    0.9937    0.8351   0.02131   0.01336  0.003958
   275/299    0.543G   0.02731   0.01972  0.005692   0.05272        16       640    0.9803    0.9857    0.9939    0.8389    0.0213   0.01329  0.003933
   276/299    0.543G   0.02726   0.01909  0.005692   0.05204        12       640     0.981    0.9838    0.9936    0.8411   0.02116   0.01319  0.003923
   277/299    0.543G   0.02721    0.0201  0.005643   0.05296        30       640     0.982     0.986     0.994    0.8426    0.0212   0.01317   0.00392
   278/299    0.543G   0.02708   0.01954  0.005437   0.05205        23       640    0.9826     0.987    0.9945    0.8414   0.02115   0.01324  0.003934
   279/299    0.543G   0.02762   0.01963  0.005776   0.05303        14       640    0.9821    0.9872    0.9948    0.8403   0.02118   0.01327  0.003959
   280/299    0.543G   0.02791   0.01968  0.005837   0.05343        10       640    0.9826    0.9835    0.9938    0.8406   0.02108   0.01314  0.003932
   281/299    0.543G   0.02767   0.02025  0.005756   0.05367         9       640    0.9814    0.9852    0.9951    0.8442   0.02096   0.01314  0.003937
   282/299    0.543G   0.02695   0.01922  0.005505   0.05167         9       640    0.9822    0.9848    0.9951    0.8383   0.02109   0.01322  0.003925
   283/299    0.543G   0.02745   0.01984  0.005797   0.05308        16       640    0.9828    0.9868    0.9941    0.8404   0.02107    0.0132  0.003932
   284/299    0.543G   0.02794   0.02057  0.005983   0.05448        28       640    0.9823    0.9856    0.9952    0.8442   0.02095   0.01302  0.003912
   285/299    0.543G   0.02714    0.0194  0.005563   0.05211        14       640    0.9823    0.9861    0.9941    0.8426   0.02096   0.01304   0.00392
   286/299    0.543G   0.02712   0.01984  0.005672   0.05263         8       640    0.9837    0.9844    0.9942    0.8442   0.02107   0.01308  0.003908
   287/299    0.543G   0.02786   0.02009  0.005964   0.05391        34       640     0.983    0.9879    0.9949    0.8454   0.02088     0.013  0.003897
   288/299    0.543G   0.02707   0.02025  0.005687     0.053         6       640    0.9781     0.984    0.9936    0.8428   0.02109   0.01314  0.003959
   289/299    0.543G   0.02705   0.01892  0.005721   0.05169        14       640    0.9783    0.9854    0.9937    0.8415   0.02103   0.01309  0.003978
   290/299    0.543G   0.02731    0.0197  0.005552   0.05256        22       640     0.977    0.9856    0.9937    0.8425   0.02102   0.01317  0.003959
   291/299    0.543G   0.02712    0.0194  0.005605   0.05213        17       640    0.9808    0.9845    0.9949    0.8412   0.02113   0.01316  0.003924
   292/299    0.543G   0.02758   0.01953  0.005928   0.05304        19       640    0.9765    0.9869    0.9944    0.8441   0.02096   0.01307  0.003915
   293/299    0.543G   0.02786   0.01986  0.005754   0.05347        18       640    0.9796    0.9856     0.995     0.846   0.02089   0.01295  0.003906
   294/299    0.543G   0.02719   0.02054   0.00565   0.05338        20       640    0.9739    0.9875     0.994    0.8451     0.021   0.01296  0.003932
   295/299    0.543G   0.02784   0.02035  0.006043   0.05423        16       640    0.9834    0.9804    0.9937    0.8429   0.02098   0.01305   0.00398
   296/299    0.543G   0.02701   0.01946  0.005554   0.05202        34       640    0.9855    0.9851    0.9951    0.8452    0.0209     0.013  0.003937
   297/299    0.543G   0.02776   0.01964  0.005773   0.05318        16       640    0.9793    0.9892     0.995    0.8434   0.02096   0.01299  0.003904
   298/299    0.543G   0.02807   0.01926  0.006165    0.0535        10       640    0.9876    0.9817     0.995     0.844   0.02097   0.01311    0.0039
   299/299    0.543G   0.02698    0.0194  0.005479   0.05186         5       640    0.9822    0.9868     0.995    0.8438   0.02098   0.01304  0.003897
