     0/249    0.549G    0.1011   0.04457   0.03518    0.1809        28       640  0.002402  0.001244 0.0004777 8.211e-05   0.09071    0.0349   0.03204
     1/249      1.8G   0.09314   0.04553   0.02957    0.1682        41       640  0.001196   0.04551 0.0005408 8.358e-05   0.09011   0.03424   0.02922
     2/249     2.52G   0.09165   0.04461   0.02673     0.163        46       640     0.711    0.0896    0.0322   0.00532   0.08512   0.03335   0.02722
     3/249     2.52G   0.08285   0.04151   0.02257    0.1469        27       640    0.4327    0.2117   0.07574   0.01486   0.07605   0.03643   0.02302
     4/249     2.52G   0.08028   0.03794   0.01813    0.1364        51       640    0.4548    0.1385   0.05159   0.01019    0.0812   0.04831   0.02314
     5/249     2.52G   0.07172   0.03664    0.0146     0.123        49       640    0.6072    0.3112    0.2656   0.08052    0.0612   0.03072   0.01138
     6/249     2.52G   0.06427   0.03386   0.01135    0.1095        36       640    0.5479    0.4488    0.4289    0.1196   0.05866   0.02362   0.00894
     7/249     2.52G   0.05836   0.03242  0.008992   0.09978        35       640    0.6283    0.5801    0.6021    0.2007     0.052   0.02082  0.006325
     8/249     2.52G   0.05569   0.03113  0.007217   0.09404        46       640    0.7378    0.6446    0.7265    0.2734   0.04968   0.02081   0.00721
     9/249     2.52G   0.05188   0.02932  0.006019   0.08722        59       640    0.7608    0.7111    0.7872    0.3894   0.04281   0.01926  0.003673
    10/249     2.52G   0.04929   0.02813  0.005668   0.08308        56       640    0.8429    0.8398    0.8846    0.4589   0.03789   0.01717  0.003238
    11/249     2.52G   0.04721   0.02653  0.005122   0.07886        43       640    0.7547    0.8329    0.8312    0.4262   0.03753   0.01723  0.003012
    12/249     2.52G   0.04506   0.02689  0.004732   0.07668        50       640    0.9039    0.7793    0.8986    0.4608   0.03905   0.01687  0.003033
    13/249     2.52G   0.04401   0.02522  0.004608   0.07384        32       640    0.9389    0.8782    0.9361    0.5331   0.03352   0.01599  0.002404
    14/249     2.52G   0.04311   0.02448  0.004264   0.07185        52       640    0.9313    0.8877    0.9407    0.5422   0.03382   0.01501  0.002514
    15/249     2.52G   0.04173   0.02447  0.004069   0.07027        42       640    0.9227    0.8877    0.9361    0.5411   0.03355   0.01474  0.002377
    16/249     2.52G   0.04071   0.02399  0.003902    0.0686        24       640    0.9374    0.9075    0.9526    0.5495   0.03293   0.01482  0.002094
    17/249     2.52G   0.04084   0.02375  0.004078   0.06867        37       640     0.926    0.8904    0.9471    0.5774   0.03158   0.01463  0.002106
    18/249     2.52G   0.03878   0.02329   0.00383    0.0659        33       640    0.9182    0.8782    0.9405    0.5681   0.03175    0.0146  0.003104
    19/249     2.52G   0.03863   0.02273  0.003965   0.06533        43       640    0.9515    0.9047    0.9585     0.612   0.02941     0.014  0.001837
    20/249     2.52G   0.03713   0.02274  0.003729    0.0636        44       640    0.9452    0.9065    0.9562    0.5943   0.02992   0.01402  0.001811
    21/249     2.52G   0.03781   0.02236  0.003356   0.06352        40       640    0.9403    0.9153    0.9583    0.5819    0.0299   0.01378  0.002086
    22/249     2.52G   0.03718   0.02292  0.003231   0.06333        46       640    0.9618    0.9216    0.9686     0.613   0.02896   0.01351  0.001443
    23/249     2.52G   0.03593   0.02176  0.003124   0.06081        21       640    0.9617    0.9188    0.9666    0.5879   0.02925    0.0132  0.001544
    24/249     2.52G   0.03581   0.02103  0.003211   0.06005        39       640    0.9668    0.9191    0.9692    0.6182   0.02852   0.01299  0.001423
    25/249     2.52G   0.03632   0.02097  0.003386   0.06067        35       640    0.9517    0.9217    0.9691    0.5924    0.0296   0.01295  0.001966
    26/249     2.52G   0.03483    0.0215  0.003066    0.0594        41       640    0.9566    0.9379     0.974    0.6423   0.02777   0.01254  0.001401
    27/249     2.52G   0.03494   0.02086  0.003056   0.05886        33       640    0.9645    0.9277    0.9721    0.6432   0.02687   0.01246  0.001367
    28/249     2.52G   0.03458   0.02084  0.002802   0.05821        42       640    0.9662    0.9306     0.974    0.6469   0.02726   0.01275  0.001262
    29/249     2.52G   0.03374   0.02066  0.002977   0.05738        33       640    0.9577    0.9411    0.9732    0.6445   0.02674   0.01243  0.001216
    30/249     2.52G   0.03321   0.02099    0.0029    0.0571        34       640    0.9688    0.9219     0.972    0.6315   0.02683   0.01227  0.001436
    31/249     2.52G   0.03277   0.01995  0.002564   0.05528        26       640    0.9416    0.9269    0.9698    0.6126    0.0276   0.01244  0.001241
    32/249     2.52G   0.03441   0.02076  0.002803   0.05797        39       640    0.9703    0.9379    0.9775    0.6659    0.0255   0.01197  0.001145
    33/249     2.52G   0.03301   0.02085  0.002651   0.05651        39       640    0.9746    0.9401    0.9768    0.6268    0.0265   0.01198  0.001237
    34/249     2.52G   0.03292   0.02016  0.002604   0.05569        28       640    0.9698     0.942    0.9771    0.6465    0.0266   0.01201  0.001066
    35/249     2.52G   0.03258   0.02038  0.002557   0.05552        37       640     0.972    0.9461    0.9799    0.6645    0.0253   0.01181  0.001043
    36/249     2.52G   0.03245   0.01954  0.002444   0.05443        36       640    0.9758    0.9372    0.9799    0.6496   0.02621   0.01187  0.001044
    37/249     2.52G   0.03157   0.01976  0.002561   0.05389        36       640    0.9719    0.9445    0.9809    0.6671   0.02481    0.0117  0.001032
    38/249     2.52G   0.03209   0.01999   0.00256   0.05464        31       640    0.9737     0.943    0.9793    0.6686   0.02475   0.01173  0.001051
    39/249     2.52G   0.03159   0.01985  0.002446   0.05389        27       640    0.9666    0.9524    0.9819    0.6828   0.02468   0.01157  0.001042
    40/249     2.52G   0.03168    0.0192  0.002155   0.05303        38       640    0.9767    0.9439    0.9792    0.6808   0.02415   0.01141  0.001011
    41/249     2.52G   0.03154   0.01967  0.002462   0.05367        36       640    0.9791    0.9462    0.9808    0.6892   0.02423   0.01154     0.001
    42/249     2.52G   0.03111   0.01934  0.002447    0.0529        37       640    0.9741    0.9493    0.9815    0.6728   0.02451   0.01146  0.001008
    43/249     2.53G   0.03104     0.019  0.002406   0.05245        33       640    0.9763    0.9512     0.983     0.685   0.02406   0.01133  0.000953
    44/249     2.53G   0.03073     0.019  0.002549   0.05228        38       640    0.9743    0.9487    0.9794    0.6881    0.0235   0.01124   0.00106
    45/249     2.53G   0.03053   0.01889  0.002318   0.05174        38       640    0.9806    0.9504    0.9837    0.6981   0.02356   0.01121 0.0009122
    46/249     2.53G   0.03056   0.01881  0.002142   0.05151        36       640    0.9768    0.9535    0.9828    0.6928   0.02363   0.01109 0.0009219
    47/249     2.53G   0.03047   0.01881  0.002275   0.05155        27       640     0.978    0.9522     0.983    0.6986    0.0233   0.01096 0.0009178
    48/249     2.53G   0.03052   0.01871   0.00226   0.05149        30       640    0.9677    0.9617    0.9847     0.679   0.02343   0.01108 0.0008857
    49/249     2.53G   0.02995   0.01836  0.002252   0.05056        40       640     0.983     0.947    0.9841     0.701   0.02326     0.011 0.0009882
    50/249     2.53G   0.02979   0.01852  0.002302   0.05061        34       640    0.9764    0.9575     0.983    0.6972    0.0235   0.01096 0.0008055
    51/249     2.53G   0.02944    0.0186  0.002247   0.05029        33       640    0.9744    0.9576    0.9839    0.7071   0.02296   0.01085 0.0009003
    52/249     2.53G   0.02971   0.01909  0.002158   0.05095        50       640    0.9791    0.9569     0.985    0.7118   0.02287   0.01101 0.0008505
    53/249     2.53G   0.02948   0.01872  0.002337   0.05053        27       640    0.9685    0.9583    0.9843    0.7084   0.02313   0.01103 0.0009148
    54/249     2.53G   0.02933   0.01857  0.002007   0.04991        41       640    0.9781    0.9593    0.9845    0.7103   0.02303   0.01082 0.0007986
    55/249     2.53G   0.02962   0.01808  0.002207   0.04991        58       640    0.9793    0.9578    0.9854    0.7065   0.02261   0.01069 0.0007993
    56/249     2.53G   0.02923    0.0187   0.00243   0.05036        43       640    0.9783     0.957    0.9854    0.7192   0.02226   0.01066 0.0009671
    57/249     2.53G    0.0292   0.01832  0.002235   0.04976        32       640    0.9677    0.9685    0.9851     0.719   0.02242   0.01085 0.0007744
    58/249     2.53G   0.02949   0.01789  0.002082   0.04946        42       640     0.975    0.9659    0.9876    0.7071   0.02228   0.01051  0.000748
    59/249     2.53G   0.02875   0.01836   0.00203   0.04914        30       640    0.9741    0.9643    0.9869    0.7225   0.02211   0.01041 0.0007167
    60/249     2.53G   0.02864   0.01839  0.002111   0.04915        25       640    0.9729    0.9619    0.9867    0.7241   0.02203    0.0106 0.0007128
    61/249     2.53G   0.02796   0.01762  0.001919    0.0475        41       640    0.9819    0.9639     0.987    0.7255   0.02163   0.01029 0.0006879
    62/249     2.53G   0.02852   0.01769  0.001911   0.04812        30       640    0.9718    0.9712    0.9869     0.734    0.0215   0.01033 0.0006501
    63/249     2.53G   0.02844   0.01733  0.002209   0.04797        60       640    0.9747    0.9609    0.9867     0.728    0.0218   0.01026 0.0008124
    64/249     2.53G   0.02841    0.0179  0.002117   0.04842        35       640    0.9862    0.9589    0.9873    0.7346   0.02156    0.0103 0.0007001
    65/249     2.53G   0.02855   0.01793  0.002182   0.04866        28       640    0.9796    0.9655    0.9884    0.7305   0.02137   0.01022 0.0007139
    66/249     2.53G   0.02811   0.01832  0.002041   0.04847        43       640    0.9736    0.9635    0.9886    0.7306   0.02153   0.01014 0.0007337
    67/249     2.53G   0.02767   0.01707  0.001839   0.04658        47       640     0.986    0.9656    0.9884    0.7303   0.02115   0.01004 0.0007297
    68/249     2.53G   0.02783    0.0174  0.002191   0.04743        61       640    0.9816    0.9634    0.9879    0.7366   0.02123   0.01009 0.0007598
    69/249     2.53G   0.02774   0.01777  0.002169   0.04768        50       640    0.9765    0.9678    0.9871    0.7371   0.02113   0.01009 0.0006833
    70/249     2.53G   0.02748   0.01738  0.001904   0.04676        33       640    0.9794    0.9658    0.9876    0.7284   0.02114   0.01005 0.0006982
    71/249     2.53G   0.02733   0.01688  0.001804   0.04602        38       640    0.9894    0.9619    0.9896    0.7403    0.0207  0.009885 0.0006733
    72/249     2.53G   0.02696   0.01715   0.00194   0.04605        31       640    0.9839    0.9682     0.989    0.7488   0.02061  0.009768 0.0006567
    73/249     2.53G   0.02738   0.01702  0.001805    0.0462        32       640    0.9823    0.9707    0.9893    0.7415   0.02075  0.009855 0.0006347
    74/249     2.53G   0.02746   0.01732  0.001845   0.04663        55       640    0.9855    0.9703    0.9894    0.7504    0.0203  0.009835 0.0006671
    75/249     2.53G   0.02643   0.01735  0.001765   0.04555        42       640    0.9851    0.9679    0.9889    0.7459   0.02033  0.009687 0.0006808
    76/249     2.53G   0.02675   0.01716  0.001911   0.04582        25       640    0.9797    0.9735    0.9902    0.7553   0.02017  0.009733 0.0006374
    77/249     2.53G   0.02699   0.01714  0.002006   0.04613        54       640      0.98    0.9738    0.9897    0.7467   0.02005  0.009698  0.000619
    78/249     2.53G   0.02722   0.01704   0.00187   0.04614        47       640    0.9875    0.9681    0.9898    0.7359   0.02039  0.009816 0.0006447
    79/249     2.53G   0.02717   0.01689  0.001692   0.04575        56       640    0.9865    0.9689    0.9892    0.7532   0.02018  0.009611 0.0006387
    80/249     2.53G   0.02676   0.01729  0.001732   0.04577        34       640    0.9869    0.9731    0.9901    0.7581   0.01989  0.009564 0.0006528
    81/249     2.53G   0.02675   0.01751  0.001843    0.0461        30       640    0.9857    0.9711      0.99    0.7507   0.02013  0.009696 0.0006209
    82/249     2.53G   0.02614   0.01656  0.001808   0.04451        21       640    0.9854    0.9692    0.9898    0.7513   0.02004  0.009572 0.0006106
    83/249     2.53G   0.02665   0.01686  0.001759   0.04527        44       640    0.9868    0.9726    0.9905     0.759   0.01986  0.009532 0.0006266
    84/249     2.53G   0.02608    0.0168  0.001706   0.04458        63       640    0.9842    0.9714    0.9908    0.7527   0.01991   0.00956  0.000656
    85/249     2.53G   0.02617   0.01637  0.001747   0.04428        33       640    0.9856    0.9693     0.991    0.7523   0.01976  0.009506  0.000589
    86/249     2.53G    0.0255    0.0166  0.001865   0.04397        55       640    0.9879    0.9701     0.991    0.7631   0.01965  0.009365 0.0006206
    87/249     2.53G   0.02582   0.01633   0.00175    0.0439        27       640    0.9838    0.9716    0.9901    0.7547    0.0197  0.009438 0.0005897
    88/249     2.53G   0.02597   0.01641  0.001738   0.04412        32       640     0.986    0.9726    0.9911    0.7587   0.01949  0.009344 0.0006029
    89/249     2.53G   0.02594   0.01677   0.00177   0.04448        41       640    0.9875    0.9712    0.9905    0.7478   0.01972  0.009503 0.0006194
    90/249     2.53G   0.02585   0.01634  0.001802   0.04399        35       640    0.9814    0.9757    0.9907    0.7562   0.01956  0.009393   0.00058
    91/249     2.53G   0.02608   0.01639  0.001626    0.0441        55       640    0.9912    0.9697    0.9911    0.7613   0.01949  0.009227 0.0005876
    92/249     2.53G    0.0254   0.01636  0.002004   0.04376        53       640    0.9842     0.974    0.9884    0.7601   0.01936  0.009305  0.000599
    93/249     2.53G   0.02529   0.01638  0.001851   0.04352        49       640    0.9894    0.9712    0.9912    0.7668   0.01931  0.009297 0.0006116
    94/249     2.53G   0.02528   0.01619  0.001856   0.04332        35       640    0.9823    0.9742    0.9913    0.7647   0.01932   0.00928 0.0005734
    95/249     2.53G   0.02563   0.01627  0.001861   0.04377        45       640    0.9832    0.9792    0.9907    0.7649   0.01904  0.009247 0.0006056
    96/249     2.53G   0.02524   0.01658  0.001818   0.04364        47       640    0.9877    0.9767    0.9919    0.7705   0.01902   0.00922 0.0005576
    97/249     2.53G   0.02491     0.016  0.001615   0.04252        42       640     0.987     0.978    0.9922    0.7708   0.01915  0.009128 0.0005467
    98/249     2.53G   0.02455   0.01567  0.001673    0.0419        28       640    0.9916    0.9706    0.9914    0.7678   0.01923  0.009184 0.0006443
    99/249     2.53G   0.02493   0.01572   0.00172   0.04237        29       640    0.9873    0.9785    0.9917    0.7714   0.01883   0.00915 0.0005708
   100/249     2.53G   0.02483   0.01621  0.001554   0.04259        27       640    0.9837    0.9772    0.9923    0.7706   0.01903  0.009199 0.0005585
   101/249     2.53G   0.02476   0.01587  0.001708   0.04234        31       640    0.9909    0.9736    0.9929    0.7673    0.0189  0.009064 0.0006233
   102/249     2.53G   0.02489   0.01635  0.001519   0.04276        35       640     0.983    0.9807    0.9926    0.7706   0.01873  0.009025 0.0005563
   103/249     2.53G    0.0248   0.01566  0.001723   0.04218        38       640    0.9837    0.9737     0.992    0.7718   0.01878   0.00906 0.0006365
   104/249     2.53G   0.02439   0.01588  0.001769   0.04204        36       640    0.9924     0.974    0.9927    0.7699   0.01865  0.008987 0.0005642
   105/249     2.53G   0.02467   0.01593  0.001685   0.04228        44       640    0.9894     0.976    0.9921    0.7745   0.01854  0.008936 0.0005603
   106/249     2.53G   0.02445   0.01612  0.001674   0.04224        41       640    0.9857    0.9798    0.9926    0.7726   0.01871  0.009003 0.0005434
   107/249     2.53G   0.02458   0.01609  0.001776   0.04245        30       640    0.9878    0.9763     0.992    0.7759   0.01851  0.008968 0.0005675
   108/249     2.53G   0.02457   0.01589  0.001679   0.04213        35       640    0.9842     0.982    0.9916     0.773   0.01853  0.008962 0.0005587
   109/249     2.53G   0.02424   0.01552  0.001496   0.04126        31       640    0.9853    0.9795    0.9931    0.7777   0.01842  0.008886 0.0005069
   110/249     2.53G    0.0247   0.01604  0.001599   0.04234        45       640    0.9874    0.9793    0.9931    0.7802   0.01828  0.008814 0.0005437
   111/249     2.53G   0.02491    0.0162  0.001737   0.04285        47       640    0.9917    0.9748    0.9929    0.7808   0.01838  0.008799 0.0005311
   112/249     2.53G   0.02424    0.0157  0.001688   0.04162        32       640    0.9822    0.9805    0.9933    0.7761   0.01829  0.008907 0.0005327
   113/249     2.53G   0.02375   0.01555  0.001438   0.04074        41       640    0.9855    0.9815    0.9935     0.778   0.01833  0.008876 0.0005138
   114/249     2.53G   0.02375    0.0157  0.001611   0.04106        30       640    0.9861    0.9792    0.9933    0.7838   0.01802  0.008765  0.000514
   115/249     2.53G   0.02378   0.01533  0.001759   0.04087        30       640    0.9883    0.9828    0.9932    0.7826   0.01819   0.00879 0.0004998
   116/249     2.53G   0.02358   0.01546  0.001579   0.04062        41       640    0.9852    0.9803    0.9933    0.7872   0.01795  0.008695 0.0005066
   117/249     2.53G   0.02429   0.01604  0.001703   0.04203        42       640    0.9866    0.9792    0.9933    0.7797   0.01823   0.00887 0.0005748
   118/249     2.53G   0.02409   0.01555   0.00166   0.04129        64       640    0.9885    0.9813    0.9937    0.7833   0.01801  0.008768 0.0004935
   119/249     2.53G   0.02373   0.01565  0.001542   0.04092        27       640    0.9898    0.9747    0.9935    0.7851   0.01791  0.008672 0.0005217
   120/249     2.53G   0.02328   0.01563  0.001486   0.04039        24       640    0.9911    0.9778    0.9935    0.7877   0.01782  0.008622 0.0004882
   121/249     2.53G   0.02345   0.01542  0.001678   0.04055        45       640    0.9844    0.9809    0.9931    0.7846   0.01796  0.008736 0.0005777
   122/249     2.53G   0.02374   0.01561  0.001528   0.04088        37       640    0.9907    0.9793    0.9935    0.7881   0.01779  0.008644 0.0004878
   123/249     2.53G    0.0235   0.01551  0.001472   0.04047        30       640    0.9888     0.979    0.9938    0.7864   0.01769  0.008616 0.0004812
   124/249     2.53G   0.02349   0.01548  0.001626   0.04059        21       640    0.9899    0.9804    0.9937    0.7955   0.01767   0.00859 0.0004758
   125/249     2.53G   0.02335   0.01491  0.001695   0.03996        26       640    0.9876    0.9827    0.9935    0.7919    0.0176  0.008535 0.0004644
   126/249     2.53G   0.02329   0.01518  0.001565   0.04003        36       640    0.9878    0.9809    0.9935     0.789   0.01762  0.008586 0.0004728
   127/249     2.53G   0.02328    0.0155  0.001645   0.04043        42       640    0.9936    0.9776     0.994     0.791    0.0175  0.008496 0.0004753
   128/249     2.53G   0.02321   0.01526  0.001373   0.03985        37       640    0.9897    0.9846     0.994    0.7932   0.01738  0.008483 0.0004652
   129/249     2.53G   0.02289    0.0153  0.001635   0.03982        36       640     0.987    0.9846    0.9941    0.7916    0.0174  0.008418 0.0004573
   130/249     2.53G   0.02296   0.01527  0.001586   0.03981        56       640    0.9897    0.9829    0.9941     0.791   0.01744  0.008489 0.0004618
   131/249     2.53G   0.02312   0.01495  0.001383   0.03945        36       640    0.9913    0.9799    0.9934    0.7954   0.01732  0.008399 0.0004517
   132/249     2.53G   0.02293   0.01491  0.001464   0.03931        50       640    0.9911    0.9807     0.994    0.7995   0.01717  0.008414 0.0004349
   133/249     2.53G   0.02291   0.01522  0.001532   0.03966        39       640    0.9901    0.9813    0.9942     0.797   0.01705  0.008332 0.0004502
   134/249     2.53G   0.02311   0.01494  0.001522   0.03957        25       640    0.9909    0.9821     0.994       0.8   0.01709  0.008319 0.0004656
   135/249     2.53G   0.02229   0.01492  0.001361   0.03857        46       640    0.9886    0.9813    0.9938    0.8013   0.01699  0.008286 0.0004515
   136/249     2.53G   0.02274   0.01486  0.001301   0.03889        22       640    0.9879    0.9856    0.9944    0.8005   0.01702  0.008301 0.0004366
   137/249     2.53G   0.02259   0.01524  0.001396   0.03922        39       640    0.9873    0.9847    0.9943    0.8037   0.01692  0.008254 0.0004359
   138/249     2.53G   0.02296   0.01535  0.001649   0.03996        49       640    0.9896    0.9848     0.994       0.8   0.01691  0.008236 0.0004282
   139/249     2.53G    0.0226   0.01469  0.001431   0.03872        27       640    0.9939    0.9824    0.9942    0.8053   0.01688  0.008247 0.0004258
   140/249     2.53G   0.02263   0.01463  0.001448    0.0387        43       640    0.9905    0.9818    0.9941    0.8038   0.01688  0.008244 0.0004439
   141/249     2.53G   0.02237   0.01475  0.001506   0.03863        30       640    0.9902    0.9822    0.9945    0.8041   0.01678  0.008286 0.0004511
   142/249     2.53G   0.02254   0.01463  0.001452   0.03862        21       640    0.9922    0.9831    0.9947    0.8057    0.0167  0.008155 0.0003962
   143/249     2.53G    0.0224   0.01515  0.001436   0.03899        56       640     0.988    0.9858    0.9944    0.8074   0.01668  0.008165 0.0003927
   144/249     2.53G   0.02229   0.01462  0.001424   0.03833        30       640    0.9896     0.985    0.9944     0.799    0.0169  0.008277 0.0003977
   145/249     2.53G   0.02203   0.01447  0.001503     0.038        54       640    0.9896    0.9841    0.9944    0.8043   0.01669  0.008142 0.0004281
   146/249     2.53G   0.02221   0.01471  0.001541   0.03846        28       640    0.9873    0.9894    0.9944     0.804   0.01675  0.008156 0.0004005
   147/249     2.53G   0.02258     0.015  0.001548   0.03914        35       640    0.9896     0.987    0.9944    0.8075   0.01663  0.008101 0.0004019
   148/249     2.53G   0.02255   0.01486  0.001399    0.0388        36       640    0.9905    0.9866    0.9948    0.8072   0.01653  0.008101 0.0003871
   149/249     2.53G   0.02216   0.01439  0.001403   0.03795        39       640    0.9902    0.9862    0.9947    0.8054   0.01656  0.008109 0.0003871
   150/249     2.53G   0.02215   0.01458   0.00141   0.03815        42       640    0.9929    0.9861    0.9946    0.8105   0.01644  0.008099  0.000385
   151/249     2.53G   0.02188   0.01462  0.001445   0.03795        38       640    0.9892    0.9876    0.9946     0.806   0.01659  0.008142 0.0003781
   152/249     2.53G   0.02228   0.01493  0.001353   0.03857        30       640    0.9898    0.9865    0.9944     0.811   0.01631  0.008085 0.0003759
   153/249     2.53G   0.02208   0.01495   0.00133   0.03836        52       640    0.9925    0.9853    0.9947    0.8129   0.01631  0.008014 0.0003894
   154/249     2.53G   0.02194   0.01443  0.001366   0.03774        31       640    0.9908    0.9852    0.9948    0.8161   0.01628  0.008028 0.0003841
   155/249     2.53G   0.02161   0.01435  0.001464   0.03743        42       640    0.9899     0.986    0.9948    0.8124   0.01626  0.007964 0.0003776
   156/249     2.53G   0.02164   0.01435  0.001454   0.03745        25       640    0.9892    0.9874    0.9944      0.81    0.0163  0.008001 0.0003648
   157/249     2.53G   0.02217   0.01466  0.001588   0.03842        43       640    0.9889    0.9881    0.9946    0.8133   0.01617  0.008007 0.0003582
   158/249     2.53G   0.02124    0.0146  0.001436   0.03728        38       640    0.9919    0.9889     0.995    0.8144   0.01617  0.007977 0.0003481
   159/249     2.53G   0.02161   0.01499  0.001283   0.03788        46       640    0.9892    0.9887    0.9949    0.8126   0.01608  0.007892 0.0003349
   160/249     2.53G   0.02166   0.01456  0.001438   0.03765        41       640    0.9921     0.989    0.9949    0.8186   0.01602  0.007897 0.0003577
   161/249     2.53G   0.02139   0.01461   0.00142   0.03742        33       640    0.9901    0.9867    0.9949    0.8167   0.01607  0.007901 0.0003664
   162/249     2.53G   0.02116   0.01399  0.001367   0.03651        47       640    0.9923    0.9869    0.9949    0.8111   0.01606   0.00787 0.0003687
   163/249     2.53G   0.02134   0.01409  0.001415   0.03685        51       640    0.9924    0.9895     0.995     0.816   0.01597  0.007868 0.0003655
   164/249     2.53G   0.02121   0.01464  0.001442    0.0373        48       640    0.9921    0.9902     0.995    0.8193   0.01587  0.007836 0.0003568
   165/249     2.53G   0.02094   0.01388  0.001346   0.03617        52       640    0.9882    0.9913    0.9949    0.8175   0.01581  0.007797 0.0003438
   166/249     2.53G   0.02138   0.01436  0.001507   0.03725        53       640    0.9879     0.991    0.9949    0.8207   0.01578  0.007867  0.000341
   167/249     2.53G   0.02131   0.01435  0.001526   0.03719        52       640    0.9914    0.9886    0.9949    0.8183    0.0158  0.007762 0.0003367
   168/249     2.53G   0.02052   0.01388  0.001239   0.03564        42       640    0.9956    0.9869     0.995    0.8176    0.0157  0.007745 0.0003485
   169/249     2.53G   0.02111   0.01414  0.001309   0.03656        37       640     0.989    0.9911    0.9949    0.8204   0.01568   0.00771 0.0003194
   170/249     2.53G   0.02136   0.01399  0.001242   0.03659        40       640      0.99    0.9897     0.995    0.8211    0.0156  0.007671 0.0003299
   171/249     2.53G   0.02136   0.01414  0.001439   0.03694        44       640    0.9926    0.9903     0.995    0.8191   0.01567  0.007702 0.0003422
   172/249     2.53G    0.0209   0.01366   0.00128   0.03584        23       640    0.9924    0.9906    0.9951    0.8218   0.01549  0.007685 0.0003265
   173/249     2.53G   0.02066   0.01371  0.001202   0.03557        56       640    0.9893    0.9928    0.9948    0.8248   0.01557   0.00768 0.0003117
   174/249     2.53G   0.02096   0.01382  0.001329   0.03611        45       640     0.993    0.9899    0.9951    0.8237   0.01542  0.007623 0.0003172
   175/249     2.53G   0.02084   0.01435  0.001339   0.03653        21       640     0.988    0.9863     0.995    0.8242   0.01548  0.007647  0.000367
   176/249     2.53G   0.02082   0.01407  0.001212   0.03611        34       640     0.993    0.9886    0.9952    0.8292   0.01548  0.007669 0.0003168
   177/249     2.53G   0.02107   0.01405  0.001444   0.03656        25       640    0.9919    0.9896    0.9951     0.828   0.01535   0.00762  0.000327
   178/249     2.53G   0.02063   0.01388  0.001272   0.03579        27       640    0.9934    0.9884    0.9949    0.8228   0.01544  0.007648 0.0003276
   179/249     2.53G   0.02091   0.01388   0.00157   0.03637        50       640    0.9915    0.9922    0.9951    0.8273   0.01534  0.007569 0.0003198
   180/249     2.53G   0.02067   0.01395  0.001322   0.03594        37       640    0.9947    0.9914    0.9952    0.8264   0.01532  0.007572 0.0003056
   181/249     2.53G   0.02049   0.01389  0.001245   0.03562        38       640    0.9953    0.9903    0.9949    0.8287   0.01527  0.007606 0.0003068
   182/249     2.53G   0.02037   0.01384  0.001358   0.03557        37       640    0.9924    0.9917    0.9952    0.8319   0.01515  0.007505 0.0003033
   183/249     2.53G   0.02066    0.0139  0.001358   0.03591        30       640    0.9919    0.9912    0.9952    0.8305   0.01517  0.007513 0.0003105
   184/249     2.53G   0.02044   0.01353  0.001227    0.0352        39       640    0.9943    0.9914    0.9953    0.8315   0.01519  0.007541 0.0002942
   185/249     2.53G   0.02013   0.01354  0.001211   0.03489        29       640    0.9956    0.9894    0.9953     0.829    0.0152  0.007518 0.0003104
   186/249     2.53G   0.02017   0.01401  0.001069   0.03524        28       640    0.9952    0.9898    0.9952    0.8284   0.01509  0.007489 0.0003062
   187/249     2.53G   0.02038   0.01374  0.001296   0.03541        32       640    0.9939    0.9903    0.9953    0.8295    0.0151  0.007466 0.0003012
   188/249     2.53G   0.02037   0.01398  0.001185   0.03553        41       640    0.9932    0.9912    0.9953    0.8289   0.01513  0.007464 0.0002958
   189/249     2.53G   0.02016    0.0137  0.001251   0.03511        34       640    0.9944     0.989    0.9952    0.8338   0.01493   0.00745  0.000296
   190/249     2.53G   0.02028   0.01368  0.001302   0.03526        33       640    0.9939    0.9909    0.9951    0.8334   0.01496  0.007419 0.0002975
   191/249     2.53G   0.02006   0.01401  0.001186   0.03525        32       640    0.9961    0.9885    0.9953    0.8334   0.01498  0.007407 0.0003161
   192/249     2.53G   0.02016   0.01368  0.001234   0.03507        45       640    0.9927     0.992    0.9952    0.8348   0.01486  0.007431 0.0003126
   193/249     2.53G   0.02028   0.01379  0.001257   0.03533        30       640    0.9935    0.9922    0.9954    0.8317   0.01485  0.007398 0.0002937
   194/249     2.53G   0.01971   0.01366  0.001168   0.03454        49       640    0.9955    0.9898    0.9953    0.8381   0.01472   0.00735 0.0002843
   195/249     2.53G   0.01957   0.01352  0.001191   0.03428        35       640    0.9938    0.9898    0.9953    0.8347   0.01475  0.007366 0.0002915
   196/249     2.53G    0.0196   0.01351  0.001252   0.03437        50       640    0.9945    0.9904    0.9954    0.8377    0.0147  0.007332 0.0002792
   197/249     2.53G   0.02012   0.01374  0.001251   0.03512        30       640    0.9936    0.9924    0.9953    0.8362   0.01476   0.00732 0.0002805
   198/249     2.53G   0.02017   0.01357  0.001226   0.03496        28       640    0.9937    0.9903    0.9953    0.8365   0.01465  0.007305 0.0003059
   199/249     2.53G   0.01978   0.01335   0.00126   0.03439        38       640    0.9934    0.9909    0.9954    0.8372   0.01459  0.007266 0.0002922
   200/249     2.53G   0.01961    0.0132  0.001155   0.03397        23       640    0.9939     0.991    0.9954    0.8346   0.01466  0.007287 0.0002837
   201/249     2.53G   0.01989    0.0133  0.001284   0.03447        48       640    0.9917    0.9921    0.9955    0.8382   0.01457  0.007275 0.0002989
   202/249     2.53G   0.02004   0.01353  0.001173   0.03474        38       640    0.9922     0.993    0.9954    0.8392   0.01456    0.0073 0.0002768
   203/249     2.53G   0.01944   0.01341  0.001197   0.03405        45       640    0.9921    0.9933    0.9955    0.8413   0.01446  0.007266   0.00027
   204/249     2.53G   0.01944    0.0133  0.001345   0.03408        33       640    0.9947    0.9901    0.9955    0.8417    0.0145   0.00725 0.0002793
   205/249     2.53G   0.01952   0.01317  0.001173   0.03386        44       640    0.9914      0.99    0.9955    0.8397   0.01441  0.007223 0.0003079
   206/249     2.53G   0.01992    0.0134  0.001279    0.0346        17       640    0.9936    0.9922    0.9955    0.8379   0.01451  0.007239 0.0002773
   207/249     2.53G   0.01941    0.0133  0.001412   0.03412        45       640    0.9943    0.9907    0.9955      0.84   0.01444  0.007226 0.0002854
   208/249     2.53G   0.01938   0.01325  0.001173    0.0338        47       640    0.9928    0.9926    0.9954    0.8406    0.0144  0.007183 0.0002811
   209/249     2.53G   0.01966   0.01333  0.001251   0.03425        43       640    0.9948    0.9918    0.9955    0.8448   0.01434  0.007175 0.0002801
   210/249     2.53G   0.01989   0.01339  0.001293   0.03457        23       640    0.9941     0.992    0.9955    0.8443   0.01427  0.007139 0.0002723
   211/249     2.53G    0.0195   0.01299  0.001308    0.0338        35       640    0.9967    0.9925    0.9955    0.8416   0.01425  0.007134 0.0002657
   212/249     2.53G   0.01974   0.01339  0.001273   0.03441        41       640    0.9947    0.9929    0.9955    0.8396   0.01425  0.007108 0.0002789
   213/249     2.53G   0.01926   0.01325  0.001134   0.03365        46       640    0.9937    0.9926    0.9955    0.8444   0.01421    0.0071 0.0002808
   214/249     2.53G   0.01904   0.01327  0.001074   0.03337        35       640    0.9961    0.9911    0.9955     0.843   0.01424  0.007126 0.0002722
   215/249     2.53G   0.01891   0.01307  0.001099   0.03308        21       640    0.9935    0.9924    0.9955    0.8447   0.01416  0.007097 0.0002749
   216/249     2.53G   0.01942   0.01351  0.001088   0.03402        42       640    0.9929    0.9919    0.9956    0.8432   0.01413  0.007088 0.0002833
   217/249     2.53G   0.01935     0.013  0.001308   0.03365        40       640    0.9918    0.9926    0.9955    0.8421   0.01416  0.007101 0.0003006
   218/249     2.53G   0.01929   0.01304  0.001183   0.03351        23       640    0.9959    0.9934    0.9955    0.8452   0.01418  0.007089 0.0002628
   219/249     2.53G   0.01958   0.01314  0.001205   0.03393        26       640    0.9949    0.9925    0.9955    0.8452   0.01416  0.007083 0.0002613
   220/249     2.53G   0.01959   0.01326  0.001113   0.03396        56       640    0.9963    0.9927    0.9954     0.845   0.01411  0.007046 0.0002573
   221/249     2.53G   0.01917   0.01381  0.001116   0.03409        46       640    0.9959    0.9926    0.9954    0.8478   0.01402  0.007008 0.0002585
   222/249     2.53G    0.0191   0.01283  0.001263   0.03319        43       640    0.9959    0.9923    0.9954    0.8468   0.01401  0.007004 0.0002575
   223/249     2.53G   0.01934   0.01296  0.001202    0.0335        31       640    0.9965    0.9929    0.9955    0.8471     0.014  0.007014 0.0002493
   224/249     2.53G   0.01867   0.01261  0.001113    0.0324        36       640    0.9953     0.992    0.9955    0.8481   0.01394  0.007012 0.0002613
   225/249     2.53G   0.01871    0.0131  0.001034   0.03284        35       640    0.9952    0.9931    0.9955    0.8484   0.01394  0.006995 0.0002555
   226/249     2.53G   0.01939   0.01322   0.00118   0.03379        46       640    0.9959     0.994    0.9956    0.8476   0.01396  0.006988 0.0002468
   227/249     2.53G   0.01921    0.0129  0.001383   0.03349        45       640    0.9964    0.9921    0.9956    0.8456   0.01394     0.007 0.0002449
   228/249     2.53G   0.01948   0.01348  0.001273   0.03424        34       640    0.9961    0.9921    0.9956    0.8474   0.01394  0.007013 0.0002513
   229/249     2.53G   0.01906   0.01301  0.001169   0.03324        29       640    0.9959    0.9918    0.9956    0.8504   0.01391  0.006943 0.0002573
   230/249     2.53G   0.01919   0.01314  0.001152   0.03349        23       640     0.997    0.9926    0.9956    0.8513   0.01384  0.006927  0.000245
   231/249     2.53G   0.01903   0.01317   0.00117   0.03336        35       640     0.995    0.9943    0.9956    0.8511    0.0138  0.006915  0.000245
   232/249     2.53G   0.01868    0.0132  0.001063   0.03295        48       640    0.9963    0.9922    0.9956     0.852   0.01376  0.006907  0.000252
   233/249     2.53G   0.01885   0.01306  0.001109   0.03303        31       640    0.9964    0.9921    0.9956    0.8491   0.01378  0.006945 0.0002578
   234/249     2.53G   0.01901   0.01285   0.00112   0.03298        24       640    0.9962    0.9911    0.9957    0.8488   0.01379  0.006948 0.0002638
   235/249     2.53G   0.01911     0.013  0.001181   0.03329        55       640    0.9925    0.9951    0.9956    0.8493    0.0137  0.006872 0.0002469
   236/249     2.53G   0.01889   0.01292  0.001257   0.03307        45       640    0.9933    0.9947    0.9957    0.8529   0.01367  0.006879 0.0002557
   237/249     2.53G   0.01863   0.01287 0.0009931   0.03249        41       640    0.9952    0.9926    0.9957    0.8527   0.01362  0.006862  0.000248
   238/249     2.53G   0.01878   0.01276  0.001049   0.03259        27       640    0.9969     0.994    0.9957    0.8517   0.01361  0.006832 0.0002393
   239/249     2.53G   0.01915   0.01299  0.001212   0.03335        28       640    0.9958     0.993    0.9956    0.8565    0.0136  0.006818 0.0002452
   240/249     2.53G   0.01856   0.01263    0.0011   0.03229        33       640    0.9961    0.9949    0.9957    0.8525    0.0136  0.006838 0.0002359
   241/249     2.53G   0.01875   0.01298   0.00107   0.03279        38       640    0.9962    0.9949    0.9958    0.8543   0.01358  0.006819 0.0002399
   242/249     2.53G   0.01871   0.01267  0.001119    0.0325        32       640    0.9965    0.9931    0.9958     0.854   0.01353  0.006805 0.0002332
   243/249     2.53G   0.01849   0.01266  0.001155    0.0323        35       640    0.9936    0.9937    0.9957     0.856   0.01353  0.006801 0.0002424
   244/249     2.53G   0.01905   0.01315   0.00119   0.03339        26       640    0.9962     0.993    0.9956    0.8559   0.01349  0.006795 0.0002313
   245/249     2.53G   0.01889   0.01324  0.001269    0.0334        40       640     0.995    0.9941    0.9957    0.8534   0.01348  0.006781 0.0002335
   246/249     2.53G   0.01852   0.01281  0.001108   0.03244        45       640    0.9964     0.994    0.9957    0.8553   0.01349  0.006816 0.0002331
   247/249     2.53G   0.01868   0.01301  0.001117   0.03281        37       640    0.9956     0.995    0.9957    0.8537   0.01349  0.006809 0.0002306
   248/249     2.53G   0.01866   0.01281  0.001179   0.03264        51       640    0.9951    0.9953    0.9957     0.854   0.01349  0.006796 0.0002261
   249/249     2.53G   0.01841   0.01266  0.001001   0.03207        41       640    0.9954     0.993    0.9957    0.8542   0.01346  0.006769 0.0002278
